25020.000000
45.000000
11892.000000
10968.000000
11440.000000
11306.000000
11272.000000
4343.000000
9558.000000
23303.000000
9519.000000
11186.000000
11312.000000
12170.000000
12070.000000
10662.000000
11771.000000
11233.000000
11374.000000
11087.000000
11522.000000
5298.000000
7202.000000
5273.000000
2578.000000
4828.000000
4767.000000
4845.000000
3878.000000
3251.000000
14043.000000
1249.000000
3963.000000
4754.000000
6724.000000
4861.000000
4729.000000
4767.000000
4730.000000
5240.000000
4860.000000
5091.000000
4770.000000
5178.000000
4768.000000
4641.000000
5099.000000
4927.000000
5093.000000
3989.000000
3350.000000
12391.000000
1233.000000
5299.000000
4960.000000
5066.000000
4912.000000
4337.000000
4504.000000
4981.000000
5357.000000
4681.000000
5255.000000
5160.000000
5013.000000
5025.000000
4871.000000
4952.000000
4935.000000
4976.000000
3831.000000
3350.000000
12167.000000
1221.000000
4146.000000
5012.000000
5055.000000
4970.000000
4553.000000
5424.000000
4862.000000
5594.000000
4808.000000
5291.000000
4947.000000
5281.000000
4673.000000
4542.000000
5100.000000
4905.000000
4978.000000
3984.000000
3304.000000
12437.000000
1324.000000
4005.000000
5034.000000
5097.000000
4850.000000
4445.000000
4800.000000
5018.000000
5298.000000
4813.000000
5213.000000
5127.000000
5156.000000
4730.000000
4910.000000
5004.000000
4947.000000
5042.000000
3876.000000
3264.000000
10101.000000
2489.000000
4619.000000
5003.000000
5048.000000
5058.000000
4342.000000
4920.000000
5004.000000
4936.000000
4813.000000
5196.000000
5034.000000
5183.000000
4809.000000
4811.000000
5021.000000
4861.000000
5095.000000
3801.000000
3196.000000
12355.000000
1243.000000
3879.000000
4919.000000
5083.000000
4942.000000
4482.000000
5181.000000
5073.000000
5033.000000
4632.000000
5425.000000
4918.000000
5110.000000
4671.000000
4924.000000
5019.000000
4882.000000
4972.000000
4806.000000
3358.000000
10103.000000
2450.000000
4857.000000
4870.000000
5353.000000
4944.000000
4478.000000
5365.000000
4879.000000
5133.000000
4733.000000
5139.000000
5219.000000
5358.000000
4727.000000
4825.000000
4870.000000
5030.000000
5052.000000
3953.000000
3316.000000
10075.000000
2365.000000
4908.000000
5068.000000
5117.000000
4771.000000
4433.000000
4894.000000
4953.000000
5091.000000
4863.000000
5201.000000
5195.000000
5153.000000
4695.000000
4879.000000
5014.000000
4741.000000
4993.000000
3959.000000
3285.000000
10047.000000
2431.000000
4767.000000
4963.000000
5099.000000
4882.000000
4684.000000
4940.000000
4992.000000
5050.000000
4618.000000
5287.000000
5077.000000
5141.000000
4784.000000
4791.000000
5048.000000
4862.000000
4919.000000
3841.000000
3368.000000
10037.000000
2524.000000
4630.000000
5027.000000
5054.000000
4872.000000
4365.000000
4867.000000
5262.000000
4968.000000
4811.000000
5208.000000
5047.000000
5160.000000
4673.000000
4848.000000
5067.000000
4939.000000
4959.000000
3868.000000
3304.000000
10128.000000
2460.000000
4592.000000
4990.000000
5036.000000
4949.000000
4349.000000
4902.000000
4998.000000
5391.000000
4737.000000
5216.000000
4982.000000
5258.000000
4631.000000
4932.000000
5071.000000
4929.000000
4972.000000
3899.000000
3293.000000
10220.000000
2378.000000
4520.000000
5073.000000
5089.000000
4820.000000
4685.000000
4918.000000
4895.000000
5418.000000
4729.000000
5170.000000
5215.000000
5119.000000
4623.000000
4884.000000
4861.000000
5051.000000
5007.000000
3916.000000
3326.000000
10155.000000
2338.000000
4930.000000
5054.000000
5053.000000
4962.000000
4646.000000
4881.000000
4960.000000
5437.000000
4718.000000
5143.000000
5091.000000
4840.000000
4806.000000
4907.000000
5021.000000
4956.000000
5019.000000
3897.000000
3387.000000
10047.000000
2529.000000
5106.000000
5066.000000
5079.000000
4952.000000
4429.000000
4925.000000
4892.000000
5161.000000
4860.000000
5252.000000
5060.000000
5206.000000
5298.000000
4883.000000
5040.000000
4933.000000
5078.000000
3565.000000
3356.000000
10202.000000
2881.000000
5090.000000
5102.000000
5054.000000
5084.000000
4441.000000
5053.000000
5053.000000
5122.000000
4798.000000
5326.000000
5182.000000
5134.000000
5105.000000
4861.000000
4987.000000
4944.000000
5052.000000
3596.000000
3236.000000
8139.000000
4934.000000
5069.000000
5061.000000
4945.000000
5070.000000
4795.000000
4966.000000
4974.000000
5151.000000
4726.000000
5347.000000
5103.000000
5069.000000
5447.000000
4843.000000
5094.000000
4936.000000
5062.000000
3585.000000
3323.000000
8138.000000
5124.000000
5115.000000
5020.000000
5052.000000
5110.000000
4740.000000
4979.000000
5057.000000
5054.000000
4769.000000
5231.000000
5189.000000
4900.000000
4979.000000
4954.000000
4898.000000
5011.000000
4981.000000
3887.000000
3259.000000
7824.000000
5057.000000
5094.000000
5016.000000
4923.000000
5026.000000
4631.000000
4548.000000
5326.000000
4992.000000
4688.000000
5327.000000
5055.000000
5194.000000
5008.000000
4838.000000
4991.000000
4879.000000
4917.000000
4269.000000
3341.000000
7968.000000
4969.000000
5193.000000
4955.000000
4834.000000
5431.000000
4764.000000
4946.000000
5139.000000
5001.000000
4757.000000
5224.000000
5012.000000
5165.000000
5000.000000
4821.000000
4977.000000
4902.000000
4950.000000
4168.000000
3364.000000
7882.000000
5089.000000
5129.000000
5044.000000
5035.000000
5065.000000
4750.000000
4887.000000
5281.000000
4970.000000
4780.000000
5220.000000
4942.000000
5208.000000
5078.000000
4831.000000
4997.000000
4933.000000
5016.000000
4215.000000
3284.000000
7777.000000
5097.000000
5093.000000
5034.000000
5046.000000
5088.000000
4693.000000
5326.000000
4904.000000
4965.000000
4792.000000
5317.000000
5011.000000
5201.000000
5285.000000
4925.000000
4977.000000
4909.000000
4914.000000
4338.000000
3244.000000
7875.000000
5063.000000
4775.000000
4975.000000
5156.000000
5124.000000
4840.000000
5004.000000
5056.000000
5149.000000
4746.000000
5311.000000
5218.000000
5106.000000
5189.000000
4863.000000
5010.000000
4876.000000
5119.000000
3929.000000
3322.000000
7897.000000
5106.000000
4810.000000
5076.000000
5097.000000
5017.000000
4829.000000
4966.000000
5298.000000
5061.000000
4706.000000
5241.000000
5189.000000
5041.000000
5130.000000
4818.000000
4997.000000
4902.000000
4931.000000
4013.000000
3245.000000
7537.000000
5105.000000
4864.000000
5044.000000
5091.000000
4926.000000
4797.000000
4997.000000
4902.000000
5112.000000
4777.000000
5174.000000
5048.000000
5246.000000
5038.000000
4826.000000
5016.000000
4889.000000
4997.000000
3898.000000
3322.000000
7801.000000
5190.000000
4774.000000
5026.000000
5018.000000
5161.000000
4660.000000
4887.000000
4956.000000
5035.000000
4766.000000
5212.000000
4651.000000
5168.000000
5041.000000
4902.000000
4983.000000
4750.000000
5012.000000
3982.000000
3237.000000
7903.000000
5059.000000
4813.000000
5079.000000
4977.000000
5084.000000
4633.000000
5312.000000
4923.000000
4925.000000
4719.000000
5415.000000
4599.000000
5095.000000
5541.000000
5874.000000
4857.000000
4909.000000
5102.000000
3803.000000
3254.000000
8110.000000
5005.000000
4889.000000
4996.000000
4963.000000
5083.000000
4608.000000
4449.000000
5030.000000
4636.000000
4809.000000
5326.000000
4672.000000
5075.000000
5007.000000
4915.000000
5049.000000
4877.000000
5113.000000
4024.000000
3262.000000
7844.000000
4936.000000
4895.000000
5086.000000
5173.000000
5037.000000
4680.000000
4406.000000
5181.000000
4527.000000
4834.000000
5201.000000
4492.000000
5020.000000
5014.000000
4758.000000
5050.000000
4978.000000
5036.000000
3876.000000
3293.000000
7774.000000
5139.000000
4864.000000
5060.000000
5057.000000
5059.000000
4784.000000
4940.000000
4961.000000
4574.000000
4735.000000
5250.000000
4514.000000
5444.000000
5451.000000
4809.000000
5005.000000
4960.000000
5081.000000
3863.000000
3318.000000
7803.000000
5115.000000
4941.000000
5056.000000
5138.000000
5115.000000
4779.000000
4562.000000
5047.000000
4615.000000
4826.000000
5218.000000
4685.000000
5189.000000
5064.000000
4904.000000
4973.000000
4949.000000
5063.000000
3826.000000
3868.000000
7940.000000
5030.000000
4894.000000
5412.000000
5178.000000
5483.000000
4680.000000
4971.000000
4989.000000
4638.000000
4623.000000
5342.000000
4571.000000
5188.000000
4987.000000
4689.000000
5005.000000
4932.000000
4997.000000
3894.000000
3273.000000
7760.000000
5084.000000
4845.000000
5324.000000
5092.000000
4957.000000
4776.000000
4960.000000
4956.000000
4479.000000
4796.000000
5292.000000
4532.000000
4997.000000
5042.000000
4904.000000
4955.000000
4896.000000
5034.000000
3834.000000
3197.000000
7785.000000
5100.000000
4755.000000
5364.000000
4973.000000
4993.000000
4606.000000
5043.000000
4856.000000
4631.000000
4773.000000
5237.000000
4594.000000
5085.000000
5062.000000
4785.000000
4920.000000
4971.000000
4929.000000
3826.000000
3252.000000
7896.000000
5099.000000
4769.000000
5302.000000
5028.000000
4936.000000
4979.000000
4956.000000
4963.000000
4581.000000
4734.000000
5330.000000
4577.000000
5085.000000
5295.000000
4885.000000
4915.000000
4999.000000
4877.000000
3973.000000
3224.000000
7803.000000
5128.000000
4864.000000
5019.000000
5071.000000
4860.000000
4959.000000
5005.000000
5158.000000
4241.000000
4814.000000
5210.000000
5024.000000
5182.000000
4953.000000
4873.000000
4999.000000
4946.000000
4992.000000
3871.000000
3271.000000
7746.000000
5130.000000
4857.000000
4955.000000
4985.000000
5244.000000
4922.000000
4415.000000
4987.000000
4412.000000
4789.000000
5279.000000
4997.000000
5100.000000
5085.000000
4912.000000
5002.000000
4908.000000
4911.000000
3996.000000
3270.000000
7787.000000
5425.000000
4793.000000
4930.000000
4933.000000
5057.000000
4652.000000
4585.000000
4944.000000
4535.000000
4724.000000
5263.000000
5029.000000
5350.000000
5019.000000
4904.000000
5011.000000
4903.000000
4842.000000
4036.000000
3231.000000
7761.000000
5409.000000
4830.000000
4986.000000
4881.000000
5018.000000
4742.000000
4348.000000
4995.000000
4570.000000
4716.000000
5285.000000
5072.000000
5118.000000
5293.000000
4876.000000
5002.000000
4907.000000
5060.000000
3800.000000
3371.000000
7748.000000
5525.000000
4718.000000
5002.000000
4957.000000
5018.000000
4845.000000
4507.000000
5005.000000
4500.000000
4761.000000
5254.000000
5032.000000
5052.000000
5071.000000
4923.000000
4986.000000
4854.000000
4873.000000
3851.000000
3361.000000
7851.000000
5421.000000
4798.000000
4941.000000
4990.000000
5240.000000
4788.000000
4265.000000
4989.000000
4593.000000
4757.000000
5224.000000
5060.000000
5155.000000
5069.000000
4853.000000
4962.000000
4892.000000
4946.000000
3881.000000
3354.000000
7832.000000
5467.000000
4772.000000
5010.000000
5005.000000
4973.000000
4825.000000
4376.000000
4955.000000
4583.000000
4720.000000
5283.000000
4938.000000
5178.000000
5051.000000
4813.000000
4948.000000
4876.000000
5014.000000
3813.000000
3361.000000
7729.000000
5493.000000
4865.000000
5356.000000
4971.000000
4969.000000
4786.000000
4398.000000
5335.000000
4606.000000
4812.000000
5301.000000
5236.000000
5119.000000
5034.000000
4625.000000
4953.000000
4758.000000
5123.000000
3786.000000
3321.000000
7707.000000
5481.000000
4797.000000
4871.000000
5066.000000
5204.000000
4818.000000
4366.000000
4971.000000
4531.000000
4752.000000
5291.000000
5004.000000
5238.000000
5014.000000
4837.000000
4904.000000
4860.000000
5116.000000
3848.000000
3386.000000
7792.000000
5363.000000
4702.000000
5157.000000
4895.000000
5121.000000
4556.000000
4426.000000
4891.000000
4590.000000
4755.000000
5217.000000
5078.000000
5024.000000
5407.000000
4838.000000
4956.000000
4808.000000
5055.000000
3940.000000
3368.000000
7923.000000
5434.000000
4803.000000
4968.000000
5020.000000
5009.000000
4520.000000
4457.000000
4991.000000
4432.000000
4826.000000
5205.000000
5041.000000
5060.000000
5131.000000
4829.000000
5019.000000
4932.000000
5015.000000
3876.000000
3296.000000
7765.000000
5501.000000
4785.000000
4947.000000
5036.000000
5208.000000
4643.000000
4442.000000
5038.000000
4509.000000
4806.000000
5152.000000
5162.000000
5129.000000
4973.000000
4948.000000
4858.000000
4938.000000
4754.000000
3704.000000
3365.000000
7529.000000
5315.000000
4845.000000
