24978.000000
47.000000
12104.000000
11060.000000
11281.000000
11470.000000
11170.000000
2524.000000
13135.000000
19277.000000
11849.000000
11080.000000
11263.000000
12334.000000
11748.000000
10862.000000
11711.000000
11307.000000
11360.000000
11070.000000
11544.000000
5314.000000
7107.000000
5256.000000
2688.000000
4800.000000
4801.000000
4804.000000
2350.000000
6198.000000
5869.000000
7178.000000
4858.000000
4776.000000
6689.000000
4814.000000
4776.000000
4726.000000
4831.000000
5137.000000
4850.000000
5078.000000
4802.000000
5137.000000
4809.000000
4650.000000
5089.000000
4956.000000
5069.000000
2320.000000
6599.000000
6202.000000
4870.000000
6285.000000
4953.000000
5103.000000
4729.000000
4423.000000
4577.000000
4969.000000
5272.000000
4746.000000
5346.000000
5085.000000
5065.000000
4983.000000
4719.000000
5092.000000
4810.000000
5083.000000
2202.000000
6573.000000
6198.000000
4998.000000
4770.000000
4944.000000
5144.000000
4993.000000
4514.000000
5400.000000
4962.000000
5498.000000
4670.000000
5419.000000
5042.000000
5066.000000
4823.000000
4580.000000
5032.000000
4923.000000
5038.000000
2252.000000
6644.000000
6122.000000
4757.000000
5230.000000
5024.000000
5018.000000
4969.000000
4328.000000
4980.000000
4922.000000
5303.000000
4779.000000
5236.000000
5129.000000
5161.000000
4707.000000
4919.000000
5014.000000
4953.000000
4924.000000
2296.000000
6632.000000
6083.000000
4802.000000
4726.000000
4822.000000
5193.000000
4949.000000
4467.000000
4878.000000
4982.000000
4949.000000
4789.000000
5188.000000
5096.000000
5048.000000
4750.000000
4952.000000
4954.000000
5000.000000
5023.000000
2100.000000
6654.000000
6043.000000
4942.000000
4778.000000
4972.000000
5031.000000
4931.000000
4467.000000
5327.000000
4978.000000
5000.000000
4761.000000
5134.000000
5190.000000
5038.000000
4688.000000
4901.000000
4887.000000
4968.000000
4972.000000
3207.000000
6570.000000
6228.000000
4774.000000
4828.000000
4927.000000
5274.000000
4931.000000
4573.000000
5319.000000
4939.000000
5035.000000
4779.000000
5058.000000
5250.000000
5387.000000
4679.000000
4792.000000
5038.000000
4902.000000
5050.000000
2281.000000
6568.000000
6267.000000
4705.000000
4825.000000
5039.000000
5031.000000
4977.000000
4319.000000
5030.000000
4871.000000
5155.000000
4779.000000
5140.000000
5172.000000
5118.000000
4772.000000
4929.000000
4992.000000
4730.000000
5097.000000
2209.000000
6511.000000
6220.000000
4695.000000
4807.000000
4962.000000
5041.000000
4989.000000
4653.000000
4924.000000
4878.000000
5033.000000
4731.000000
5224.000000
5111.000000
5080.000000
4695.000000
5014.000000
4970.000000
4874.000000
4903.000000
2291.000000
6500.000000
6151.000000
4844.000000
4657.000000
4992.000000
5076.000000
4994.000000
4320.000000
4818.000000
5240.000000
4995.000000
4680.000000
5162.000000
5182.000000
5027.000000
4765.000000
4823.000000
5147.000000
4805.000000
5068.000000
2232.000000
6628.000000
6164.000000
4744.000000
4591.000000
5005.000000
5146.000000
4817.000000
4337.000000
4948.000000
5002.000000
5359.000000
4661.000000
5149.000000
5236.000000
5098.000000
4533.000000
5135.000000
4929.000000
4893.000000
5119.000000
2219.000000
6635.000000
6077.000000
4771.000000
4632.000000
4929.000000
5202.000000
4820.000000
4541.000000
4993.000000
4982.000000
5375.000000
4762.000000
5198.000000
5067.000000
5167.000000
4546.000000
5026.000000
4951.000000
4942.000000
4989.000000
2261.000000
6664.000000
6130.000000
4732.000000
4917.000000
5023.000000
5080.000000
4960.000000
4613.000000
4932.000000
4964.000000
5394.000000
4752.000000
5080.000000
5206.000000
4674.000000
4789.000000
4965.000000
5029.000000
4928.000000
4955.000000
2402.000000
6621.000000
6257.000000
4655.000000
5059.000000
5046.000000
5225.000000
4941.000000
4436.000000
4893.000000
4972.000000
5001.000000
4917.000000
5179.000000
5146.000000
5288.000000
5221.000000
4838.000000
5066.000000
4935.000000
5089.000000
1973.000000
6580.000000
6204.000000
5273.000000
5087.000000
5103.000000
5101.000000
4994.000000
4515.000000
5023.000000
5051.000000
5124.000000
4701.000000
5352.000000
5233.000000
5043.000000
5180.000000
4845.000000
5009.000000
4881.000000
5137.000000
1890.000000
6639.000000
6384.000000
4926.000000
5141.000000
5060.000000
5019.000000
4968.000000
4767.000000
4998.000000
4994.000000
5156.000000
4696.000000
5303.000000
5177.000000
4946.000000
5571.000000
4822.000000
5083.000000
4889.000000
5117.000000
1945.000000
6619.000000
6543.000000
5090.000000
5116.000000
4983.000000
5080.000000
5123.000000
4709.000000
5043.000000
5038.000000
5034.000000
4815.000000
5096.000000
5282.000000
4890.000000
5072.000000
4894.000000
4974.000000
4904.000000
4986.000000
2180.000000
6588.000000
6209.000000
5064.000000
5103.000000
4980.000000
4989.000000
5013.000000
4682.000000
4474.000000
5291.000000
5017.000000
4717.000000
5174.000000
5186.000000
5068.000000
5009.000000
4928.000000
5009.000000
4777.000000
5127.000000
2328.000000
6856.000000
6258.000000
5111.000000
5099.000000
4854.000000
5039.000000
5191.000000
4883.000000
4944.000000
5156.000000
4994.000000
4758.000000
5214.000000
5045.000000
4995.000000
5025.000000
4952.000000
4965.000000
4888.000000
5061.000000
2277.000000
6803.000000
6157.000000
5110.000000
5209.000000
5018.000000
5100.000000
4969.000000
4775.000000
4885.000000
5258.000000
5026.000000
4660.000000
5291.000000
5090.000000
5050.000000
5124.000000
4806.000000
5002.000000
4918.000000
5023.000000
2352.000000
6841.000000
6153.000000
5071.000000
5072.000000
5040.000000
5108.000000
4919.000000
4780.000000
5329.000000
4883.000000
5016.000000
4752.000000
5236.000000
5117.000000
5045.000000
5520.000000
4829.000000
4991.000000
4890.000000
5029.000000
2349.000000
6797.000000
6125.000000
5134.000000
4795.000000
5061.000000
5078.000000
5093.000000
4771.000000
5078.000000
5069.000000
5032.000000
4921.000000
5240.000000
5204.000000
5172.000000
5024.000000
4966.000000
5025.000000
4989.000000
4919.000000
2343.000000
6567.000000
6402.000000
4962.000000
4874.000000
5055.000000
5077.000000
5141.000000
4682.000000
5016.000000
5209.000000
5155.000000
4788.000000
5196.000000
5069.000000
5122.000000
5046.000000
4902.000000
4905.000000
5028.000000
4987.000000
2251.000000
6580.000000
6001.000000
4958.000000
4869.000000
5005.000000
5134.000000
4968.000000
4769.000000
4928.000000
5011.000000
5046.000000
4750.000000
5252.000000
5069.000000
5070.000000
5107.000000
4865.000000
4990.000000
4936.000000
4952.000000
2301.000000
6512.000000
6256.000000
5150.000000
4800.000000
4980.000000
5178.000000
4993.000000
4750.000000
4884.000000
4814.000000
5138.000000
4725.000000
5313.000000
4693.000000
5037.000000
5046.000000
4895.000000
5001.000000
4892.000000
4962.000000
2259.000000
6499.000000
6303.000000
5056.000000
4713.000000
5032.000000
5226.000000
4930.000000
4599.000000
5374.000000
4918.000000
5036.000000
4695.000000
5317.000000
4534.000000
5258.000000
5461.000000
5802.000000
5027.000000
4924.000000
4989.000000
2190.000000
6489.000000
6535.000000
5019.000000
4774.000000
5039.000000
5002.000000
5016.000000
4779.000000
4399.000000
4998.000000
4698.000000
4686.000000
5312.000000
4697.000000
5024.000000
5162.000000
4845.000000
5046.000000
4974.000000
4983.000000
2304.000000
6640.000000
6080.000000
5087.000000
4957.000000
5051.000000
5134.000000
5024.000000
4758.000000
4392.000000
5148.000000
4652.000000
4534.000000
5350.000000
4485.000000
4973.000000
5080.000000
4838.000000
4931.000000
4894.000000
5151.000000
2199.000000
6660.000000
6124.000000
5073.000000
4952.000000
4998.000000
5113.000000
4957.000000
4817.000000
4999.000000
4862.000000
4640.000000
4757.000000
5187.000000
4648.000000
5352.000000
5422.000000
4864.000000
4970.000000
4968.000000
5053.000000
2250.000000
6538.000000
6186.000000
5195.000000
4796.000000
5176.000000
5175.000000
5037.000000
4726.000000
4647.000000
5045.000000
4522.000000
4865.000000
5313.000000
4661.000000
5099.000000
5114.000000
4879.000000
4995.000000
4942.000000
5098.000000
2243.000000
6966.000000
6315.000000
5093.000000
4925.000000
5412.000000
5094.000000
5498.000000
4719.000000
4989.000000
4979.000000
4651.000000
4719.000000
5315.000000
4498.000000
5087.000000
5063.000000
4717.000000
5009.000000
4913.000000
5008.000000
2209.000000
6644.000000
6076.000000
5086.000000
4744.000000
5429.000000
5115.000000
4904.000000
4801.000000
4974.000000
4949.000000
4597.000000
4645.000000
5183.000000
4658.000000
5026.000000
4977.000000
4946.000000
4963.000000
4856.000000
5054.000000
2173.000000
6441.000000
6280.000000
5008.000000
4795.000000
5356.000000
5016.000000
4916.000000
4722.000000
4975.000000
4941.000000
4459.000000
4818.000000
5237.000000
4608.000000
5030.000000
5122.000000
4779.000000
4909.000000
4906.000000
4989.000000
2137.000000
6541.000000
6206.000000
5089.000000
4895.000000
5292.000000
5021.000000
4957.000000
4885.000000
5043.000000
4865.000000
4678.000000
4710.000000
5282.000000
4593.000000
5051.000000
5406.000000
4858.000000
4916.000000
4902.000000
4916.000000
2314.000000
6589.000000
6253.000000
5045.000000
4833.000000
5037.000000
5012.000000
4948.000000
4933.000000
4942.000000
4991.000000
4524.000000
4794.000000
5098.000000
5078.000000
5038.000000
5106.000000
4901.000000
5007.000000
4940.000000
4974.000000
2196.000000
6541.000000
6233.000000
5065.000000
4791.000000
4881.000000
5044.000000
5346.000000
4906.000000
4431.000000
4963.000000
4440.000000
4740.000000
5300.000000
5122.000000
5033.000000
5047.000000
4891.000000
5008.000000
4829.000000
5075.000000
2211.000000
6664.000000
6215.000000
5389.000000
4727.000000
4971.000000
4907.000000
5000.000000
4719.000000
4525.000000
4875.000000
4641.000000
4691.000000
5247.000000
5066.000000
5358.000000
5007.000000
4904.000000
5017.000000
4907.000000
4919.000000
2205.000000
6618.000000
6218.000000
5315.000000
4832.000000
4882.000000
5023.000000
4947.000000
4756.000000
4360.000000
4984.000000
4499.000000
4814.000000
5231.000000
4988.000000
5119.000000
5392.000000
4865.000000
4903.000000
4900.000000
5130.000000
2281.000000
6540.000000
6173.000000
5478.000000
4717.000000
4979.000000
5019.000000
5034.000000
4794.000000
4438.000000
5097.000000
4522.000000
4703.000000
5267.000000
5068.000000
5027.000000
5082.000000
4921.000000
4965.000000
4767.000000
4980.000000
2297.000000
6571.000000
6165.000000
5368.000000
4887.000000
4931.000000
5044.000000
5234.000000
4722.000000
4392.000000
4886.000000
4613.000000
4706.000000
5288.000000
4989.000000
5043.000000
5195.000000
4865.000000
4967.000000
4890.000000
5031.000000
2207.000000
6530.000000
6198.000000
5513.000000
4796.000000
4931.000000
5064.000000
4979.000000
4727.000000
4472.000000
4968.000000
4449.000000
4827.000000
5124.000000
5190.000000
5073.000000
4961.000000
4910.000000
4947.000000
4903.000000
4994.000000
2191.000000
6688.000000
6011.000000
5511.000000
4893.000000
5370.000000
4960.000000
5003.000000
4739.000000
4443.000000
5327.000000
4580.000000
4824.000000
5228.000000
5293.000000
5001.000000
5127.000000
4660.000000
4818.000000
4972.000000
5020.000000
2238.000000
6431.000000
6161.000000
5378.000000
4920.000000
4840.000000
4984.000000
5310.000000
4775.000000
4422.000000
4858.000000
4528.000000
4853.000000
5237.000000
5026.000000
5191.000000
5045.000000
4800.000000
5027.000000
4802.000000
5016.000000
2360.000000
6563.000000
6057.000000
5487.000000
4837.000000
4940.000000
5011.000000
5093.000000
4622.000000
4276.000000
5063.000000
4434.000000
4684.000000
5339.000000
5009.000000
5119.000000
5403.000000
4841.000000
4842.000000
4898.000000
5050.000000
2335.000000
6577.000000
6267.000000
5486.000000
4839.000000
4952.000000
5061.000000
4854.000000
4676.000000
4429.000000
4984.000000
4505.000000
4729.000000
5109.000000
5183.000000
5036.000000
5140.000000
4829.000000
4997.000000
4909.000000
5038.000000
2211.000000
6681.000000
6086.000000
5434.000000
4821.000000
4985.000000
5036.000000
5136.000000
4806.000000
4415.000000
4984.000000
4488.000000
4660.000000
5197.000000
5245.000000
5083.000000
5145.000000
4698.000000
4991.000000
4934.000000
4624.000000
2260.000000
6493.000000
5845.000000
5420.000000
4762.000000
