25971.000000
59.000000
11666.000000
2110.000000
12940.000000
18869.000000
11257.000000
11377.000000
11418.000000
11976.000000
12025.000000
10970.000000
11383.000000
11957.000000
12025.000000
10908.000000
11784.000000
11221.000000
11364.000000
11134.000000
11488.000000
5240.000000
4972.000000
5364.000000
2042.000000
6171.000000
6083.000000
4884.000000
4842.000000
4901.000000
6969.000000
2677.000000
7040.000000
4923.000000
6596.000000
4802.000000
4698.000000
4965.000000
4624.000000
5261.000000
4602.000000
4990.000000
4771.000000
5135.000000
4784.000000
2314.000000
6401.000000
5929.000000
5180.000000
5025.000000
5046.000000
5087.000000
4840.000000
6265.000000
4854.000000
5167.000000
4881.000000
4285.000000
4606.000000
4948.000000
5384.000000
4609.000000
5225.000000
5110.000000
5105.000000
5012.000000
2283.000000
6422.000000
5977.000000
5091.000000
4811.000000
5094.000000
5145.000000
5262.000000
4728.000000
4890.000000
5187.000000
4988.000000
4543.000000
5324.000000
4941.000000
5563.000000
4761.000000
5274.000000
5081.000000
4809.000000
4774.000000
2296.000000
6196.000000
6103.000000
4969.000000
4952.000000
5057.000000
5091.000000
4595.000000
5342.000000
5022.000000
4956.000000
5056.000000
4290.000000
5003.000000
4877.000000
5399.000000
4719.000000
5257.000000
5050.000000
5085.000000
4816.000000
2348.000000
6578.000000
5987.000000
4919.000000
4922.000000
5053.000000
5153.000000
4692.000000
4689.000000
4855.000000
5148.000000
4885.000000
4403.000000
5066.000000
4939.000000
5091.000000
4585.000000
5380.000000
5060.000000
4966.000000
4826.000000
2267.000000
6583.000000
5821.000000
5123.000000
4776.000000
5134.000000
4987.000000
4844.000000
4771.000000
5001.000000
4950.000000
5037.000000
4514.000000
5123.000000
4984.000000
5039.000000
4833.000000
5280.000000
5043.000000
5074.000000
4762.000000
2223.000000
6457.000000
5923.000000
5009.000000
5914.000000
5064.000000
5068.000000
4715.000000
4859.000000
4990.000000
5291.000000
4827.000000
4695.000000
5268.000000
4916.000000
5084.000000
4760.000000
5049.000000
5256.000000
5333.000000
4775.000000
2225.000000
6390.000000
6058.000000
5133.000000
4893.000000
5078.000000
5013.000000
4820.000000
4759.000000
5097.000000
5042.000000
4796.000000
4448.000000
5091.000000
4941.000000
5049.000000
4651.000000
5360.000000
5168.000000
5100.000000
4580.000000
2400.000000
6540.000000
5806.000000
5040.000000
5017.000000
4944.000000
5064.000000
4654.000000
4706.000000
5122.000000
4959.000000
5001.000000
4761.000000
4875.000000
4977.000000
5019.000000
4591.000000
5265.000000
5005.000000
5117.000000
4817.000000
2374.000000
6378.000000
5973.000000
4979.000000
4996.000000
4989.000000
5049.000000
4729.000000
4635.000000
4934.000000
5139.000000
4846.000000
4519.000000
4904.000000
5040.000000
5038.000000
4792.000000
5205.000000
5106.000000
5005.000000
4742.000000
2281.000000
6507.000000
5994.000000
4990.000000
4898.000000
5114.000000
5063.000000
4778.000000
4643.000000
5014.000000
4999.000000
4911.000000
4280.000000
4984.000000
4880.000000
5385.000000
4860.000000
5168.000000
5114.000000
5125.000000
4558.000000
2354.000000
6687.000000
5920.000000
5011.000000
4930.000000
5195.000000
4951.000000
4759.000000
4627.000000
4884.000000
5103.000000
4828.000000
4704.000000
4907.000000
4895.000000
5387.000000
4730.000000
5385.000000
5115.000000
5014.000000
4701.000000
2274.000000
6541.000000
5914.000000
5046.000000
4954.000000
5181.000000
5014.000000
4675.000000
4956.000000
4920.000000
5163.000000
4868.000000
4712.000000
4908.000000
4950.000000
5410.000000
4620.000000
5223.000000
5222.000000
4684.000000
4661.000000
2416.000000
6633.000000
6013.000000
5044.000000
4861.000000
5207.000000
5100.000000
5095.000000
4892.000000
5111.000000
5070.000000
4966.000000
4418.000000
4938.000000
4916.000000
5202.000000
4742.000000
5284.000000
5147.000000
5132.000000
4920.000000
2059.000000
6548.000000
6319.000000
5046.000000
4977.000000
5134.000000
5122.000000
4803.000000
4933.000000
5152.000000
5068.000000
5145.000000
4457.000000
5022.000000
5018.000000
5199.000000
4790.000000
5286.000000
5197.000000
5101.000000
5228.000000
1929.000000
6454.000000
6071.000000
5080.000000
4871.000000
5065.000000
5060.000000
4811.000000
5089.000000
5081.000000
4931.000000
5115.000000
4807.000000
4919.000000
4968.000000
5124.000000
4878.000000
5238.000000
5138.000000
5080.000000
5448.000000
2232.000000
6588.000000
6026.000000
5143.000000
4824.000000
5062.000000
5117.000000
5137.000000
4987.000000
5124.000000
5003.000000
5018.000000
4840.000000
5003.000000
5141.000000
4968.000000
4819.000000
5063.000000
5272.000000
5228.000000
4954.000000
2357.000000
6418.000000
5975.000000
5070.000000
4938.000000
5057.000000
5038.000000
4998.000000
5104.000000
5064.000000
4796.000000
5065.000000
4779.000000
4568.000000
5214.000000
5003.000000
4793.000000
5089.000000
5208.000000
5173.000000
4978.000000
2282.000000
6445.000000
6018.000000
5036.000000
5254.000000
4978.000000
5192.000000
5133.000000
5046.000000
4985.000000
4863.000000
5326.000000
4797.000000
5042.000000
5172.000000
4912.000000
4739.000000
5108.000000
5147.000000
5086.000000
4944.000000
2391.000000
6412.000000
6029.000000
5073.000000
5099.000000
5092.000000
5172.000000
5037.000000
5066.000000
5012.000000
5140.000000
4995.000000
4821.000000
4840.000000
5324.000000
4899.000000
4741.000000
5257.000000
5014.000000
5113.000000
5008.000000
2379.000000
6533.000000
5980.000000
5060.000000
5254.000000
5011.000000
5090.000000
5013.000000
5039.000000
5078.000000
5054.000000
5023.000000
4699.000000
5339.000000
4976.000000
4916.000000
4814.000000
5231.000000
5059.000000
5234.000000
5306.000000
2301.000000
6528.000000
5947.000000
5069.000000
5220.000000
4913.000000
5082.000000
5149.000000
4727.000000
5004.000000
5445.000000
5143.000000
4877.000000
5006.000000
5045.000000
5137.000000
4847.000000
5218.000000
5191.000000
5211.000000
5088.000000
1997.000000
6558.000000
6286.000000
5118.000000
4907.000000
5087.000000
5187.000000
4900.000000
4857.000000
5097.000000
5062.000000
5077.000000
4892.000000
4963.000000
5237.000000
5105.000000
4487.000000
5169.000000
5136.000000
5091.000000
5027.000000
2290.000000
6533.000000
5949.000000
5099.000000
4913.000000
4985.000000
4811.000000
5107.000000
4722.000000
4957.000000
5166.000000
5057.000000
4776.000000
4854.000000
4999.000000
5109.000000
4693.000000
5209.000000
5141.000000
5007.000000
5229.000000
2252.000000
6533.000000
5833.000000
5081.000000
4995.000000
4924.000000
5164.000000
5057.000000
4785.000000
5175.000000
4934.000000
5211.000000
4660.000000
4844.000000
4920.000000
5043.000000
4805.000000
5297.000000
4554.000000
5111.000000
5195.000000
2244.000000
6464.000000
5987.000000
5050.000000
4759.000000
5115.000000
5138.000000
4938.000000
4747.000000
5218.000000
4904.000000
5117.000000
4583.000000
5288.000000
5006.000000
4938.000000
4830.000000
5254.000000
4619.000000
5195.000000
5424.000000
3358.000000
6406.000000
5920.000000
5158.000000
4815.000000
4916.000000
5315.000000
5247.000000
4767.000000
5016.000000
5035.000000
4800.000000
4913.000000
4394.000000
5020.000000
4710.000000
4688.000000
5199.000000
4713.000000
5093.000000
5150.000000
2258.000000
6601.000000
6050.000000
5018.000000
4950.000000
5095.000000
4920.000000
4981.000000
4938.000000
5170.000000
4913.000000
5122.000000
4830.000000
4439.000000
5135.000000
4565.000000
4633.000000
5261.000000
4608.000000
4957.000000
4967.000000
2300.000000
6531.000000
6023.000000
5038.000000
4812.000000
5082.000000
5083.000000
4976.000000
4893.000000
5173.000000
5082.000000
4974.000000
4845.000000
4965.000000
4794.000000
4594.000000
4845.000000
5121.000000
4749.000000
5246.000000
5472.000000
2266.000000
6445.000000
6127.000000
5124.000000
4860.000000
5095.000000
5361.000000
4937.000000
4952.000000
5079.000000
5091.000000
5186.000000
4786.000000
4576.000000
5053.000000
4618.000000
4820.000000
5226.000000
4699.000000
5153.000000
5060.000000
1978.000000
6482.000000
6356.000000
5134.000000
4990.000000
5478.000000
5082.000000
5105.000000
4762.000000
5402.000000
5117.000000
5507.000000
4902.000000
4989.000000
4938.000000
4199.000000
4829.000000
5148.000000
4589.000000
5092.000000
5003.000000
2296.000000
6529.000000
5859.000000
5146.000000
4831.000000
5091.000000
5058.000000
4890.000000
4907.000000
5295.000000
5016.000000
5000.000000
4855.000000
5010.000000
4946.000000
4532.000000
4654.000000
5278.000000
4614.000000
5056.000000
4924.000000
2306.000000
6533.000000
5946.000000
5063.000000
4910.000000
4881.000000
5081.000000
4869.000000
4878.000000
5272.000000
5056.000000
5000.000000
4779.000000
4944.000000
4961.000000
4524.000000
4737.000000
5184.000000
4615.000000
5100.000000
4994.000000
2262.000000
6444.000000
5997.000000
5009.000000
4783.000000
4981.000000
5196.000000
5054.000000
4721.000000
5358.000000
5031.000000
4964.000000
5009.000000
4970.000000
4872.000000
4618.000000
4730.000000
5203.000000
4530.000000
5104.000000
5427.000000
2276.000000
6562.000000
5945.000000
4998.000000
4832.000000
5110.000000
5047.000000
5078.000000
4773.000000
5044.000000
4964.000000
5081.000000
5050.000000
4917.000000
4868.000000
4584.000000
4700.000000
5217.000000
5059.000000
5010.000000
5061.000000
2335.000000
6479.000000
5942.000000
5134.000000
4878.000000
5014.000000
4961.000000
5124.000000
4750.000000
5052.000000
4845.000000
5328.000000
4834.000000
4592.000000
4923.000000
4453.000000
4740.000000
5261.000000
5021.000000
5188.000000
5033.000000
2246.000000
6506.000000
5935.000000
5158.000000
4828.000000
5129.000000
5111.000000
5342.000000
4721.000000
4934.000000
5074.000000
4889.000000
4720.000000
4530.000000
4933.000000
4568.000000
4717.000000
5189.000000
5084.000000
5377.000000
4962.000000
2319.000000
6611.000000
5835.000000
5091.000000
4817.000000
5029.000000
5144.000000
5291.000000
4722.000000
5059.000000
4907.000000
4984.000000
4750.000000
4341.000000
4952.000000
4561.000000
4875.000000
5177.000000
5101.000000
5060.000000
5288.000000
2336.000000
6568.000000
5930.000000
5140.000000
4949.000000
5030.000000
5034.000000
5248.000000
4903.000000
4996.000000
4947.000000
5030.000000
4744.000000
4622.000000
4950.000000
4536.000000
4719.000000
5210.000000
5072.000000
5106.000000
4983.000000
2329.000000
6562.000000
5897.000000
4925.000000
5012.000000
4965.000000
5058.000000
5280.000000
4919.000000
4973.000000
4970.000000
5226.000000
4739.000000
4402.000000
5008.000000
4529.000000
4696.000000
5145.000000
5202.000000
5024.000000
5157.000000
2246.000000
6376.000000
5930.000000
5208.000000
4937.000000
4897.000000
5216.000000
5300.000000
4874.000000
5007.000000
4968.000000
4997.000000
4759.000000
4366.000000
4996.000000
4497.000000
4825.000000
5181.000000
4997.000000
5063.000000
5142.000000
2244.000000
6486.000000
5950.000000
4964.000000
5014.000000
5052.000000
5067.000000
5324.000000
4756.000000
5070.000000
5016.000000
5061.000000
4862.000000
4359.000000
5303.000000
4606.000000
4725.000000
5339.000000
5144.000000
5216.000000
5100.000000
2280.000000
6399.000000
5956.000000
5027.000000
4917.000000
4978.000000
5069.000000
5299.000000
4892.000000
4855.000000
4992.000000
5269.000000
4884.000000
4272.000000
5039.000000
4496.000000
4699.000000
5244.000000
5114.000000
5193.000000
5055.000000
2250.000000
6420.000000
6007.000000
5035.000000
4969.000000
4993.000000
5016.000000
5376.000000
4878.000000
5055.000000
5021.000000
4973.000000
4672.000000
4274.000000
5029.000000
4433.000000
4819.000000
5196.000000
4990.000000
5157.000000
5343.000000
2265.000000
6469.000000
5928.000000
5087.000000
4984.000000
5021.000000
5204.000000
5301.000000
4938.000000
4947.000000
5020.000000
5028.000000
4539.000000
4367.000000
4953.000000
4528.000000
4822.000000
5169.000000
5088.000000
5079.000000
5019.000000
2292.000000
6597.000000
5974.000000
5048.000000
4826.000000
5054.000000
5124.000000
5360.000000
4709.000000
5141.000000
4910.000000
5249.000000
4696.000000
4424.000000
5064.000000
4462.000000
4800.000000
5147.000000
5113.000000
5037.000000
5175.000000
2224.000000
6454.000000
5932.000000
4710.000000
4872.000000
5117.000000
4734.000000
5313.000000
4825.000000
