25622.000000
69.000000
13748.000000
9338.000000
11244.000000
2173.000000
12886.000000
19141.000000
11426.000000
11946.000000
11944.000000
10974.000000
11379.000000
11947.000000
11887.000000
11200.000000
11589.000000
11304.000000
11379.000000
11007.000000
11443.000000
5406.000000
4982.000000
11670.000000
552.000000
2759.000000
1897.000000
6146.000000
6269.000000
4567.000000
5009.000000
6836.000000
5239.000000
4815.000000
6291.000000
5082.000000
4866.000000
4539.000000
4971.000000
5262.000000
4766.000000
5036.000000
4519.000000
5108.000000
9445.000000
1228.000000
4021.000000
2176.000000
6679.000000
6146.000000
5135.000000
4998.000000
4698.000000
6353.000000
4971.000000
5018.000000
4856.000000
4352.000000
4556.000000
4995.000000
5302.000000
4756.000000
5179.000000
5095.000000
5217.000000
9300.000000
1242.000000
4157.000000
2378.000000
6402.000000
6031.000000
5116.000000
4938.000000
4948.000000
4875.000000
4866.000000
5181.000000
4946.000000
4610.000000
5453.000000
4927.000000
5349.000000
4843.000000
5272.000000
5039.000000
5289.000000
9052.000000
1221.000000
4006.000000
2358.000000
6452.000000
6182.000000
5004.000000
4956.000000
4659.000000
5420.000000
5005.000000
5006.000000
5021.000000
4290.000000
4964.000000
4825.000000
5356.000000
4799.000000
5302.000000
4978.000000
5262.000000
7003.000000
2663.000000
4955.000000
2355.000000
6453.000000
6077.000000
4977.000000
5186.000000
4665.000000
4739.000000
5001.000000
4895.000000
5047.000000
4429.000000
4961.000000
4966.000000
4962.000000
4812.000000
5253.000000
4954.000000
5117.000000
6952.000000
2702.000000
5029.000000
2279.000000
6553.000000
5873.000000
4963.000000
5096.000000
4900.000000
4649.000000
4999.000000
5116.000000
4871.000000
4504.000000
5364.000000
4948.000000
5006.000000
4680.000000
5363.000000
4944.000000
5156.000000
6942.000000
2646.000000
5035.000000
2226.000000
6513.000000
6913.000000
5150.000000
5040.000000
4771.000000
4762.000000
4981.000000
5359.000000
4897.000000
4594.000000
5191.000000
4973.000000
5019.000000
4828.000000
5144.000000
5071.000000
5430.000000
6972.000000
2572.000000
4985.000000
2297.000000
6522.000000
6143.000000
5034.000000
5073.000000
4763.000000
4799.000000
5084.000000
5060.000000
4885.000000
4334.000000
5006.000000
4939.000000
5076.000000
4713.000000
5289.000000
5129.000000
5234.000000
6807.000000
2747.000000
4958.000000
2259.000000
6541.000000
5996.000000
4965.000000
4996.000000
4768.000000
4764.000000
4971.000000
5129.000000
4959.000000
4661.000000
4904.000000
4855.000000
5113.000000
4747.000000
5149.000000
5079.000000
5120.000000
6976.000000
2757.000000
4965.000000
2209.000000
6400.000000
6121.000000
4991.000000
5024.000000
4636.000000
4693.000000
5079.000000
5060.000000
4955.000000
4332.000000
4908.000000
5204.000000
5005.000000
4727.000000
5210.000000
5099.000000
5118.000000
6855.000000
2616.000000
5128.000000
2326.000000
6403.000000
6111.000000
5023.000000
5067.000000
4723.000000
4656.000000
4994.000000
5074.000000
4831.000000
4400.000000
4805.000000
5047.000000
5376.000000
4690.000000
5286.000000
5080.000000
5098.000000
6904.000000
2738.000000
5103.000000
2257.000000
6459.000000
6109.000000
4964.000000
5043.000000
4741.000000
4635.000000
5043.000000
5038.000000
4858.000000
4749.000000
4831.000000
4847.000000
5446.000000
4808.000000
5193.000000
5064.000000
5181.000000
6877.000000
2623.000000
5080.000000
2263.000000
6578.000000
6008.000000
5082.000000
5023.000000
4769.000000
4941.000000
5003.000000
5095.000000
4834.000000
4718.000000
4918.000000
4827.000000
5384.000000
4755.000000
5230.000000
5081.000000
4730.000000
7065.000000
2760.000000
4958.000000
2366.000000
6615.000000
5929.000000
5173.000000
5082.000000
4773.000000
5048.000000
5099.000000
5055.000000
4944.000000
4467.000000
4836.000000
4970.000000
5037.000000
4934.000000
5186.000000
5123.000000
5216.000000
7043.000000
2783.000000
5070.000000
2377.000000
6620.000000
5937.000000
5104.000000
5184.000000
4685.000000
5144.000000
5119.000000
5112.000000
5098.000000
4461.000000
5037.000000
4922.000000
5197.000000
4875.000000
5269.000000
5149.000000
5199.000000
5024.000000
4896.000000
5076.000000
2261.000000
6591.000000
6004.000000
5023.000000
5080.000000
4787.000000
5164.000000
4978.000000
5096.000000
5060.000000
4780.000000
4916.000000
5024.000000
4981.000000
4837.000000
5349.000000
5001.000000
5157.000000
5452.000000
4931.000000
5083.000000
2294.000000
6493.000000
6127.000000
4933.000000
5185.000000
5004.000000
5043.000000
5221.000000
5038.000000
5051.000000
4839.000000
5015.000000
4903.000000
5080.000000
4757.000000
5274.000000
5124.000000
5129.000000
5075.000000
4948.000000
4963.000000
2340.000000
6519.000000
5960.000000
5050.000000
4981.000000
5035.000000
5150.000000
4995.000000
4945.000000
4979.000000
4878.000000
4484.000000
5202.000000
5000.000000
4835.000000
5081.000000
5183.000000
5072.000000
5027.000000
4881.000000
5028.000000
2282.000000
6510.000000
6372.000000
5073.000000
5095.000000
5046.000000
5196.000000
4874.000000
4962.000000
5343.000000
4808.000000
4983.000000
5084.000000
4968.000000
4765.000000
5175.000000
5048.000000
5179.000000
5018.000000
4815.000000
4970.000000
2281.000000
6529.000000
6350.000000
5043.000000
4983.000000
5160.000000
5089.000000
5163.000000
5013.000000
4957.000000
4754.000000
5017.000000
5234.000000
4984.000000
4790.000000
5176.000000
4984.000000
5119.000000
4992.000000
4953.000000
5130.000000
2219.000000
6438.000000
6422.000000
4999.000000
5062.000000
4995.000000
5192.000000
5099.000000
5059.000000
4901.000000
4725.000000
5435.000000
4836.000000
5070.000000
4665.000000
5332.000000
5073.000000
5141.000000
5283.000000
5009.000000
4991.000000
2234.000000
6540.000000
6242.000000
5084.000000
5055.000000
5012.000000
4876.000000
5064.000000
5036.000000
5187.000000
4793.000000
5021.000000
4999.000000
5069.000000
4932.000000
5237.000000
5211.000000
5214.000000
5013.000000
5018.000000
4937.000000
2390.000000
6563.000000
6048.000000
4963.000000
5248.000000
4932.000000
4972.000000
5079.000000
5070.000000
5002.000000
4890.000000
4881.000000
5225.000000
5096.000000
4832.000000
5151.000000
5131.000000
5144.000000
4980.000000
4932.000000
5040.000000
2278.000000
6491.000000
6028.000000
5005.000000
4892.000000
4992.000000
4877.000000
5030.000000
5089.000000
4944.000000
4760.000000
4956.000000
4953.000000
5151.000000
4763.000000
5269.000000
5033.000000
5094.000000
5058.000000
4850.000000
5002.000000
2354.000000
6544.000000
5980.000000
5018.000000
5084.000000
5132.000000
4835.000000
5004.000000
5097.000000
5067.000000
4603.000000
4983.000000
4915.000000
4940.000000
4782.000000
5367.000000
4570.000000
5204.000000
4895.000000
4959.000000
5021.000000
2280.000000
6463.000000
6068.000000
4969.000000
5046.000000
5067.000000
4884.000000
5068.000000
5014.000000
4939.000000
4789.000000
5272.000000
4922.000000
5023.000000
4757.000000
5251.000000
4606.000000
5209.000000
5334.000000
6030.000000
4896.000000
2353.000000
6433.000000
6057.000000
4890.000000
5424.000000
5055.000000
4735.000000
5054.000000
5007.000000
4960.000000
4846.000000
4472.000000
4965.000000
4547.000000
4719.000000
5296.000000
4658.000000
5210.000000
5040.000000
4960.000000
5076.000000
2236.000000
6455.000000
6084.000000
5083.000000
5056.000000
5068.000000
4974.000000
5068.000000
5013.000000
5056.000000
4709.000000
4416.000000
5241.000000
4538.000000
4667.000000
5166.000000
4655.000000
5044.000000
5004.000000
4809.000000
5017.000000
2287.000000
6520.000000
6027.000000
5013.000000
5128.000000
5030.000000
4855.000000
5035.000000
5034.000000
5087.000000
4800.000000
4950.000000
4918.000000
4550.000000
4799.000000
5168.000000
4622.000000
5399.000000
5389.000000
4872.000000
5026.000000
2385.000000
6510.000000
6100.000000
4993.000000
5076.000000
4962.000000
5061.000000
5066.000000
5121.000000
5056.000000
4768.000000
4677.000000
5013.000000
4541.000000
4913.000000
5285.000000
4615.000000
5086.000000
5124.000000
4937.000000
4958.000000
2357.000000
6583.000000
6030.000000
5515.000000
5230.000000
5044.000000
4818.000000
5402.000000
5082.000000
5511.000000
4763.000000
5114.000000
4836.000000
4546.000000
4767.000000
5280.000000
4564.000000
5069.000000
5101.000000
4860.000000
4989.000000
2219.000000
6521.000000
6017.000000
4924.000000
5075.000000
5082.000000
4762.000000
5453.000000
5033.000000
5008.000000
4686.000000
4974.000000
4910.000000
4538.000000
4722.000000
5344.000000
4586.000000
4994.000000
4924.000000
5035.000000
4917.000000
2289.000000
6528.000000
5910.000000
5012.000000
5057.000000
5007.000000
4837.000000
5253.000000
4962.000000
4977.000000
4862.000000
4886.000000
4904.000000
4612.000000
4736.000000
5236.000000
4586.000000
5097.000000
5023.000000
4884.000000
4837.000000
2354.000000
6472.000000
5965.000000
4996.000000
5068.000000
5121.000000
4800.000000
5334.000000
5006.000000
4942.000000
4911.000000
5082.000000
4825.000000
4631.000000
4763.000000
5103.000000
4603.000000
5194.000000
5390.000000
4815.000000
4963.000000
2327.000000
6532.000000
6023.000000
4986.000000
5079.000000
5004.000000
4909.000000
5038.000000
5046.000000
4966.000000
5012.000000
4940.000000
4961.000000
4452.000000
4668.000000
5193.000000
5177.000000
5019.000000
5093.000000
4896.000000
5041.000000
2250.000000
6394.000000
6011.000000
4995.000000
5173.000000
5031.000000
4800.000000
4969.000000
4970.000000
5364.000000
4702.000000
4507.000000
4968.000000
4499.000000
4789.000000
5132.000000
5211.000000
5088.000000
5031.000000
4925.000000
4903.000000
2341.000000
6508.000000
5987.000000
5041.000000
5159.000000
5276.000000
4941.000000
4952.000000
4916.000000
4928.000000
4734.000000
4469.000000
5001.000000
4540.000000
4748.000000
5210.000000
5042.000000
5413.000000
5020.000000
4900.000000
5024.000000
2211.000000
6457.000000
6030.000000
5011.000000
5012.000000
5369.000000
4851.000000
4979.000000
4825.000000
4992.000000
4832.000000
4311.000000
5038.000000
4574.000000
4695.000000
5293.000000
5066.000000
5094.000000
5354.000000
4902.000000
5005.000000
2233.000000
6542.000000
6026.000000
5033.000000
5019.000000
5464.000000
4847.000000
5002.000000
4931.000000
4966.000000
4781.000000
4529.000000
4974.000000
4476.000000
4793.000000
5199.000000
5032.000000
5232.000000
4980.000000
4899.000000
5088.000000
2180.000000
6414.000000
5999.000000
5081.000000
5032.000000
5421.000000
4844.000000
4980.000000
4873.000000
5279.000000
4848.000000
4423.000000
4875.000000
4476.000000
4689.000000
5311.000000
5002.000000
5230.000000
5072.000000
4765.000000
4982.000000
2309.000000
6555.000000
6044.000000
5008.000000
5065.000000
5404.000000
4783.000000
4988.000000
4960.000000
5102.000000
4716.000000
4502.000000
4928.000000
4532.000000
4667.000000
5297.000000
5054.000000
5013.000000
5020.000000
4961.000000
4959.000000
2234.000000
6549.000000
6030.000000
5047.000000
4964.000000
5464.000000
4794.000000
5041.000000
5010.000000
4992.000000
4779.000000
4519.000000
5282.000000
4555.000000
4781.000000
5349.000000
5180.000000
5072.000000
5065.000000
5028.000000
4954.000000
2208.000000
6548.000000
5973.000000
5013.000000
4932.000000
5465.000000
4817.000000
4851.000000
4976.000000
5403.000000
4759.000000
4391.000000
4935.000000
4408.000000
4870.000000
5146.000000
5113.000000
5213.000000
5077.000000
4872.000000
4867.000000
2312.000000
6468.000000
6142.000000
5017.000000
5002.000000
5396.000000
4832.000000
5090.000000
4869.000000
5098.000000
4585.000000
4472.000000
4821.000000
4571.000000
4678.000000
5197.000000
5161.000000
4992.000000
5463.000000
4879.000000
4951.000000
2190.000000
6591.000000
5994.000000
5072.000000
5209.000000
5375.000000
4882.000000
4988.000000
5014.000000
4981.000000
4617.000000
4344.000000
5032.000000
4404.000000
4804.000000
5216.000000
4971.000000
5196.000000
5068.000000
4921.000000
5064.000000
2225.000000
6496.000000
6039.000000
5029.000000
4986.000000
5338.000000
4909.000000
5018.000000
4894.000000
5308.000000
4660.000000
4591.000000
4933.000000
4420.000000
4749.000000
5250.000000
5032.000000
5197.000000
5029.000000
4917.000000
4904.000000
2356.000000
6214.000000
5950.000000
4985.000000
4695.000000
5410.000000
4802.000000
