25713.000000
59.000000
11550.000000
11336.000000
11383.000000
3829.000000
9563.000000
20632.000000
11470.000000
12095.000000
11791.000000
10923.000000
11386.000000
12242.000000
11908.000000
10926.000000
11684.000000
11209.000000
11378.000000
11112.000000
11421.000000
5325.000000
4983.000000
4876.000000
5054.000000
5049.000000
3281.000000
3418.000000
7646.000000
6385.000000
3277.000000
4575.000000
7382.000000
4829.000000
8610.000000
2839.000000
4773.000000
6452.000000
3097.000000
5223.000000
4796.000000
5059.000000
4534.000000
5062.000000
4730.000000
4863.000000
5076.000000
3877.000000
3317.000000
7812.000000
5094.000000
5119.000000
4800.000000
6187.000000
4875.000000
5061.000000
4911.000000
4412.000000
4583.000000
4956.000000
5253.000000
4802.000000
5202.000000
5056.000000
5221.000000
4777.000000
4921.000000
4999.000000
3826.000000
3371.000000
7683.000000
4956.000000
5076.000000
5014.000000
4741.000000
4964.000000
5107.000000
5030.000000
4484.000000
5460.000000
4957.000000
5349.000000
4816.000000
5363.000000
5043.000000
5210.000000
4607.000000
4605.000000
5059.000000
3910.000000
3369.000000
7721.000000
5007.000000
5024.000000
4711.000000
5294.000000
5089.000000
5057.000000
4839.000000
4350.000000
4963.000000
4929.000000
5332.000000
4735.000000
5183.000000
5171.000000
5103.000000
4848.000000
4897.000000
5045.000000
3850.000000
3299.000000
7602.000000
5012.000000
5199.000000
4687.000000
4696.000000
4916.000000
5114.000000
4942.000000
4378.000000
4979.000000
4968.000000
5020.000000
4711.000000
5305.000000
5010.000000
5046.000000
4790.000000
4878.000000
4916.000000
3935.000000
3362.000000
7529.000000
5035.000000
5170.000000
4755.000000
4634.000000
4986.000000
5160.000000
4828.000000
4610.000000
5274.000000
4948.000000
5008.000000
4788.000000
5263.000000
5017.000000
5085.000000
4608.000000
4857.000000
5146.000000
3794.000000
3308.000000
8636.000000
4954.000000
5219.000000
4705.000000
4755.000000
4988.000000
5376.000000
4910.000000
4564.000000
5184.000000
4964.000000
5021.000000
4838.000000
5128.000000
5073.000000
5574.000000
4624.000000
4775.000000
5007.000000
3890.000000
3347.000000
7708.000000
5028.000000
5154.000000
4570.000000
5032.000000
4959.000000
5088.000000
4905.000000
4285.000000
5005.000000
4955.000000
5064.000000
4825.000000
5180.000000
5212.000000
5116.000000
4648.000000
4951.000000
4946.000000
3883.000000
3262.000000
7666.000000
4904.000000
5139.000000
4688.000000
4758.000000
5034.000000
4982.000000
5025.000000
4679.000000
4892.000000
4975.000000
4904.000000
4716.000000
5291.000000
5096.000000
5136.000000
4739.000000
4960.000000
4987.000000
3759.000000
3258.000000
7673.000000
5007.000000
5087.000000
4621.000000
4731.000000
5020.000000
5054.000000
4963.000000
4386.000000
4808.000000
5220.000000
4883.000000
4843.000000
5230.000000
5064.000000
5147.000000
4555.000000
5005.000000
5031.000000
3914.000000
3227.000000
7702.000000
5031.000000
5094.000000
4693.000000
4673.000000
4954.000000
5121.000000
4835.000000
4355.000000
4841.000000
5023.000000
5365.000000
4808.000000
5174.000000
5068.000000
5118.000000
4712.000000
4930.000000
5104.000000
3842.000000
3291.000000
7583.000000
5057.000000
5139.000000
4660.000000
4677.000000
4968.000000
5046.000000
4921.000000
4684.000000
4843.000000
4941.000000
5400.000000
4775.000000
5123.000000
5208.000000
5102.000000
4678.000000
4927.000000
4980.000000
3840.000000
3304.000000
7659.000000
5118.000000
5140.000000
4574.000000
5030.000000
4852.000000
5236.000000
4927.000000
4616.000000
4909.000000
4926.000000
5283.000000
4868.000000
5118.000000
5192.000000
4749.000000
4749.000000
4976.000000
5039.000000
3913.000000
3278.000000
7751.000000
5056.000000
5058.000000
4853.000000
4993.000000
5069.000000
5098.000000
4940.000000
4443.000000
4835.000000
4973.000000
5038.000000
4929.000000
5285.000000
5124.000000
5238.000000
4790.000000
4976.000000
5094.000000
3864.000000
3378.000000
7625.000000
4993.000000
5351.000000
4703.000000
5068.000000
5099.000000
5123.000000
5103.000000
4451.000000
5032.000000
5029.000000
5078.000000
4897.000000
5285.000000
5133.000000
5235.000000
5037.000000
4941.000000
4978.000000
3866.000000
3339.000000
7678.000000
5013.000000
5105.000000
4865.000000
5044.000000
5062.000000
5044.000000
5034.000000
4772.000000
4990.000000
4958.000000
5067.000000
4740.000000
5348.000000
5088.000000
5121.000000
5300.000000
4937.000000
5190.000000
3867.000000
3369.000000
7592.000000
5111.000000
5195.000000
5013.000000
5051.000000
5087.000000
5073.000000
5040.000000
4814.000000
5006.000000
5020.000000
4980.000000
4769.000000
5268.000000
5136.000000
5127.000000
5168.000000
4815.000000
5023.000000
3909.000000
3254.000000
7720.000000
4956.000000
5116.000000
4997.000000
5002.000000
5050.000000
5011.000000
4924.000000
4846.000000
4487.000000
5213.000000
4943.000000
4879.000000
5188.000000
5074.000000
5201.000000
5010.000000
4877.000000
5013.000000
3773.000000
3297.000000
8023.000000
5062.000000
5179.000000
5002.000000
5160.000000
4862.000000
4979.000000
5372.000000
4765.000000
4998.000000
5181.000000
4938.000000
4703.000000
5257.000000
5044.000000
5087.000000
5025.000000
4919.000000
4955.000000
3794.000000
3290.000000
7878.000000
5028.000000
5186.000000
4976.000000
5280.000000
4952.000000
5169.000000
5020.000000
4706.000000
4941.000000
5264.000000
4967.000000
4716.000000
5259.000000
5072.000000
5146.000000
4993.000000
4944.000000
4904.000000
3927.000000
3283.000000
7971.000000
5016.000000
5230.000000
4846.000000
5092.000000
5168.000000
4981.000000
4996.000000
4717.000000
5432.000000
4941.000000
4853.000000
4787.000000
5330.000000
5064.000000
5212.000000
5313.000000
4921.000000
5000.000000
3818.000000
3269.000000
7987.000000
5002.000000
5184.000000
4929.000000
4733.000000
5159.000000
5046.000000
5202.000000
4704.000000
5085.000000
5007.000000
5169.000000
4770.000000
5316.000000
5095.000000
5351.000000
5079.000000
4916.000000
5052.000000
3875.000000
3293.000000
7658.000000
5012.000000
5357.000000
4874.000000
4916.000000
5089.000000
5120.000000
5040.000000
4714.000000
5052.000000
5132.000000
5118.000000
4899.000000
5088.000000
5201.000000
5183.000000
4990.000000
4788.000000
5122.000000
3814.000000
3290.000000
7588.000000
5046.000000
4934.000000
5006.000000
4811.000000
5020.000000
5020.000000
5103.000000
4761.000000
4967.000000
4881.000000
5110.000000
4796.000000
5139.000000
5151.000000
5012.000000
5159.000000
4928.000000
5003.000000
3823.000000
3300.000000
7567.000000
5128.000000
5207.000000
5026.000000
4675.000000
5127.000000
5119.000000
5030.000000
4736.000000
4862.000000
4924.000000
5000.000000
4812.000000
5157.000000
4769.000000
5177.000000
4998.000000
4890.000000
4995.000000
3788.000000
3312.000000
7603.000000
5026.000000
5096.000000
5103.000000
4784.000000
5059.000000
5028.000000
4987.000000
4732.000000
5260.000000
4948.000000
5004.000000
4767.000000
5252.000000
4600.000000
5255.000000
5409.000000
5927.000000
4884.000000
3927.000000
3275.000000
7658.000000
4920.000000
5445.000000
4999.000000
4756.000000
4994.000000
5042.000000
4960.000000
4824.000000
4467.000000
4868.000000
4737.000000
4646.000000
5390.000000
4549.000000
5207.000000
5158.000000
4859.000000
5059.000000
3844.000000
3284.000000
7761.000000
4981.000000
5195.000000
4949.000000
4858.000000
5057.000000
5169.000000
5012.000000
4778.000000
4363.000000
5114.000000
4647.000000
4691.000000
5247.000000
4556.000000
5077.000000
4972.000000
4865.000000
4968.000000
3873.000000
3296.000000
7636.000000
5040.000000
5184.000000
4899.000000
4923.000000
5107.000000
5056.000000
5100.000000
4697.000000
4987.000000
4960.000000
4526.000000
4825.000000
5181.000000
4542.000000
5484.000000
5392.000000
4863.000000
5013.000000
3903.000000
3341.000000
7672.000000
5088.000000
5033.000000
5049.000000
4908.000000
4950.000000
5164.000000
5125.000000
4851.000000
4590.000000
5020.000000
4532.000000
4936.000000
5286.000000
4607.000000
5146.000000
5041.000000
4955.000000
5003.000000
3902.000000
3335.000000
7740.000000
5470.000000
5288.000000
4918.000000
4883.000000
5396.000000
5091.000000
5533.000000
4831.000000
5013.000000
4922.000000
4560.000000
4779.000000
5273.000000
4529.000000
5142.000000
4998.000000
4823.000000
5004.000000
3840.000000
3226.000000
7599.000000
5118.000000
5142.000000
4934.000000
4720.000000
5446.000000
5090.000000
4993.000000
4767.000000
4959.000000
4923.000000
4555.000000
4722.000000
5238.000000
4478.000000
5171.000000
5033.000000
4853.000000
4988.000000
3809.000000
3261.000000
7577.000000
5030.000000
5026.000000
5038.000000
4819.000000
5241.000000
4996.000000
5004.000000
4806.000000
4961.000000
4941.000000
4495.000000
4735.000000
5152.000000
4690.000000
5101.000000
5031.000000
4874.000000
4919.000000
3868.000000
3221.000000
7638.000000
4870.000000
5314.000000
4988.000000
4803.000000
5312.000000
4929.000000
5065.000000
4848.000000
5088.000000
4833.000000
4632.000000
4775.000000
5204.000000
4599.000000
5138.000000
5250.000000
4898.000000
4995.000000
3923.000000
3223.000000
7626.000000
5100.000000
5059.000000
5027.000000
4878.000000
5023.000000
5050.000000
5000.000000
4958.000000
4976.000000
4842.000000
4580.000000
4683.000000
5266.000000
5072.000000
5168.000000
4970.000000
4923.000000
5015.000000
3825.000000
3242.000000
7589.000000
5086.000000
5042.000000
5077.000000
4763.000000
4971.000000
5000.000000
5358.000000
4776.000000
4515.000000
4867.000000
4490.000000
4790.000000
5188.000000
5163.000000
5023.000000
5124.000000
4912.000000
4998.000000
3836.000000
3275.000000
7678.000000
4990.000000
5229.000000
5318.000000
4706.000000
5054.000000
4930.000000
4973.000000
4743.000000
4506.000000
4949.000000
4492.000000
4781.000000
5181.000000
4929.000000
5575.000000
4990.000000
4894.000000
5015.000000
3812.000000
3212.000000
7572.000000
5117.000000
5154.000000
5327.000000
4752.000000
4859.000000
4928.000000
5013.000000
4816.000000
4407.000000
4961.000000
4544.000000
4818.000000
5089.000000
5174.000000
5112.000000
5244.000000
4993.000000
5001.000000
3809.000000
3334.000000
7656.000000
5042.000000
5090.000000
5420.000000
4811.000000
4993.000000
4965.000000
5039.000000
4672.000000
4655.000000
4956.000000
4391.000000
4873.000000
5114.000000
5141.000000
5133.000000
5064.000000
4901.000000
4985.000000
3778.000000
3241.000000
7664.000000
5000.000000
5068.000000
5369.000000
4868.000000
4949.000000
5017.000000
5263.000000
4734.000000
4401.000000
4884.000000
4496.000000
4791.000000
5204.000000
5027.000000
5282.000000
5022.000000
4829.000000
4872.000000
3896.000000
3333.000000
7588.000000
5128.000000
5171.000000
5319.000000
4824.000000
4999.000000
4999.000000
4991.000000
4724.000000
4346.000000
5072.000000
4504.000000
4796.000000
5199.000000
5036.000000
5058.000000
5009.000000
4949.000000
4955.000000
3831.000000
3279.000000
7693.000000
4945.000000
5211.000000
5324.000000
4782.000000
5040.000000
5107.000000
5018.000000
4760.000000
4403.000000
5210.000000
4649.000000
4822.000000
5199.000000
5185.000000
5291.000000
5062.000000
4791.000000
4982.000000
3904.000000
3296.000000
7502.000000
5056.000000
5086.000000
5313.000000
4774.000000
4964.000000
5092.000000
5328.000000
4721.000000
4382.000000
4951.000000
4495.000000
4780.000000
5247.000000
4995.000000
5228.000000
5080.000000
4882.000000
4895.000000
3876.000000
3288.000000
7713.000000
5038.000000
5065.000000
5324.000000
4816.000000
5074.000000
5011.000000
4992.000000
4669.000000
4360.000000
4839.000000
4532.000000
4816.000000
5104.000000
5159.000000
5003.000000
5432.000000
4907.000000
4947.000000
3794.000000
3317.000000
7751.000000
5061.000000
5087.000000
5443.000000
4849.000000
4977.000000
5043.000000
4884.000000
4703.000000
4425.000000
4943.000000
4491.000000
4711.000000
5218.000000
5084.000000
5130.000000
5028.000000
4921.000000
5030.000000
3854.000000
3252.000000
7679.000000
5065.000000
5025.000000
5427.000000
4761.000000
5014.000000
5020.000000
5186.000000
4751.000000
4478.000000
4951.000000
4522.000000
4657.000000
5244.000000
5129.000000
5150.000000
4895.000000
4998.000000
4984.000000
3866.000000
3292.000000
7277.000000
4855.000000
4829.000000
5396.000000
4811.000000
