25880.000000
74.000000
11787.000000
3598.000000
9719.000000
20525.000000
11256.000000
11375.000000
11433.000000
12246.000000
11560.000000
11259.000000
11295.000000
12023.000000
12058.000000
10852.000000
11719.000000
11348.000000
11247.000000
11097.000000
11526.000000
5245.000000
5040.000000
5223.000000
3529.000000
3422.000000
7404.000000
4881.000000
4867.000000
4852.000000
7003.000000
2641.000000
7022.000000
4949.000000
6589.000000
4813.000000
4719.000000
4913.000000
4695.000000
5198.000000
6452.000000
3070.000000
4760.000000
5191.000000
4868.000000
3618.000000
3472.000000
7543.000000
5079.000000
5126.000000
5012.000000
5159.000000
4630.000000
6272.000000
5095.000000
5073.000000
4912.000000
4256.000000
4591.000000
4969.000000
5296.000000
4639.000000
5291.000000
5110.000000
5192.000000
4908.000000
3747.000000
3461.000000
7543.000000
4939.000000
4901.000000
5186.000000
4999.000000
5282.000000
4740.000000
4935.000000
5140.000000
5029.000000
4552.000000
5334.000000
4990.000000
5464.000000
4778.000000
5287.000000
5051.000000
4870.000000
4667.000000
3566.000000
3476.000000
7578.000000
5094.000000
4880.000000
5008.000000
5007.000000
4709.000000
5339.000000
5034.000000
5083.000000
4953.000000
4359.000000
4928.000000
4792.000000
5399.000000
4779.000000
5260.000000
4986.000000
5193.000000
4716.000000
3888.000000
3450.000000
7613.000000
4967.000000
5017.000000
5006.000000
5063.000000
4723.000000
4680.000000
4962.000000
5052.000000
4861.000000
4567.000000
4920.000000
4983.000000
5035.000000
4604.000000
5361.000000
5076.000000
5104.000000
4659.000000
3704.000000
3542.000000
7491.000000
5033.000000
4929.000000
5005.000000
5127.000000
4708.000000
4767.000000
5014.000000
4975.000000
5016.000000
4545.000000
5228.000000
4969.000000
5084.000000
4686.000000
5191.000000
5148.000000
4997.000000
4762.000000
3786.000000
3445.000000
7410.000000
5109.000000
5837.000000
5032.000000
5149.000000
4639.000000
4785.000000
5078.000000
5253.000000
4971.000000
4555.000000
5274.000000
4988.000000
5006.000000
4756.000000
5199.000000
5124.000000
5427.000000
4680.000000
3784.000000
3374.000000
7411.000000
5240.000000
4968.000000
5092.000000
5073.000000
4642.000000
4880.000000
5002.000000
4977.000000
4903.000000
4366.000000
5088.000000
4939.000000
5077.000000
4748.000000
5287.000000
5111.000000
5128.000000
4709.000000
3749.000000
3507.000000
7463.000000
5042.000000
4893.000000
5037.000000
4930.000000
4867.000000
4566.000000
5147.000000
4973.000000
4894.000000
4797.000000
4866.000000
4877.000000
5165.000000
4691.000000
5184.000000
5071.000000
5138.000000
4737.000000
3891.000000
3377.000000
7413.000000
5015.000000
4950.000000
4959.000000
5111.000000
4593.000000
4785.000000
5031.000000
5025.000000
5004.000000
4274.000000
4996.000000
5043.000000
5045.000000
4678.000000
5321.000000
5085.000000
5091.000000
4640.000000
3861.000000
3455.000000
7526.000000
4984.000000
5018.000000
5028.000000
5020.000000
4674.000000
4628.000000
5089.000000
5036.000000
4887.000000
4410.000000
4893.000000
4968.000000
5369.000000
4746.000000
5194.000000
5100.000000
5199.000000
4541.000000
3884.000000
3460.000000
7555.000000
5184.000000
4923.000000
5050.000000
4943.000000
4757.000000
4645.000000
5029.000000
5036.000000
4867.000000
4626.000000
4967.000000
4798.000000
5486.000000
4744.000000
5205.000000
5134.000000
5154.000000
4594.000000
3835.000000
3337.000000
7624.000000
5052.000000
4943.000000
4977.000000
5202.000000
4605.000000
4891.000000
5102.000000
5044.000000
4928.000000
4661.000000
4790.000000
5088.000000
5374.000000
4653.000000
5305.000000
5015.000000
4719.000000
4874.000000
3866.000000
3411.000000
7579.000000
5120.000000
4949.000000
5088.000000
4985.000000
5208.000000
4928.000000
5131.000000
5070.000000
4954.000000
4416.000000
4935.000000
4974.000000
5113.000000
4773.000000
5282.000000
5153.000000
5265.000000
4746.000000
3654.000000
3446.000000
7894.000000
5084.000000
4974.000000
5044.000000
5167.000000
4765.000000
5000.000000
5151.000000
5090.000000
5083.000000
4470.000000
5015.000000
5077.000000
5104.000000
4814.000000
5305.000000
5169.000000
5274.000000
4933.000000
3610.000000
3385.000000
7581.000000
5086.000000
4887.000000
5013.000000
5095.000000
4832.000000
5005.000000
5049.000000
5012.000000
5189.000000
4761.000000
4909.000000
5068.000000
5084.000000
4816.000000
5245.000000
5046.000000
5177.000000
5418.000000
3771.000000
3501.000000
7578.000000
5142.000000
4877.000000
5123.000000
5100.000000
5021.000000
4913.000000
5229.000000
5072.000000
5057.000000
4775.000000
5001.000000
5045.000000
5005.000000
4800.000000
5204.000000
5173.000000
5200.000000
5049.000000
3746.000000
3478.000000
7421.000000
5049.000000
5031.000000
4910.000000
5066.000000
5002.000000
5206.000000
5053.000000
4921.000000
4925.000000
4717.000000
4489.000000
5352.000000
4993.000000
4786.000000
5149.000000
5149.000000
5137.000000
5029.000000
3839.000000
3403.000000
7475.000000
5049.000000
5193.000000
5143.000000
5199.000000
4941.000000
5061.000000
5077.000000
4945.000000
5243.000000
4736.000000
5050.000000
5187.000000
5008.000000
4714.000000
5105.000000
5073.000000
5159.000000
4975.000000
3862.000000
3365.000000
7517.000000
4961.000000
5203.000000
5112.000000
5141.000000
5061.000000
5115.000000
4974.000000
5130.000000
5047.000000
4749.000000
4913.000000
5147.000000
5018.000000
4843.000000
5087.000000
5182.000000
5130.000000
4968.000000
3878.000000
3396.000000
7457.000000
5048.000000
5225.000000
5067.000000
5079.000000
5118.000000
5054.000000
5058.000000
5053.000000
5016.000000
4662.000000
5359.000000
4914.000000
5063.000000
4750.000000
5183.000000
5065.000000
5224.000000
5380.000000
3852.000000
3350.000000
7527.000000
4955.000000
5336.000000
5029.000000
5064.000000
5078.000000
4743.000000
5098.000000
5319.000000
5165.000000
4827.000000
4994.000000
5073.000000
5142.000000
4846.000000
5254.000000
5159.000000
5207.000000
5085.000000
3561.000000
3440.000000
7819.000000
5146.000000
4878.000000
5112.000000
5226.000000
4947.000000
4802.000000
5155.000000
5048.000000
5100.000000
4766.000000
4980.000000
5243.000000
5109.000000
4489.000000
5149.000000
5171.000000
5028.000000
5101.000000
3847.000000
3411.000000
7404.000000
5172.000000
4833.000000
5093.000000
4872.000000
4921.000000
4761.000000
5167.000000
5120.000000
4882.000000
4755.000000
4942.000000
5099.000000
5030.000000
4698.000000
5308.000000
5049.000000
5097.000000
4976.000000
3857.000000
3517.000000
7436.000000
5136.000000
4925.000000
5019.000000
5148.000000
5069.000000
4669.000000
5139.000000
4989.000000
5235.000000
4626.000000
4946.000000
4819.000000
5048.000000
4711.000000
5385.000000
4665.000000
5120.000000
4982.000000
3767.000000
3468.000000
7430.000000
5132.000000
4804.000000
5083.000000
5031.000000
5166.000000
4745.000000
5147.000000
5012.000000
5045.000000
4617.000000
5192.000000
5020.000000
5052.000000
4710.000000
5271.000000
4608.000000
5192.000000
5412.000000
4879.000000
3387.000000
7457.000000
5102.000000
4843.000000
4871.000000
5397.000000
5059.000000
4789.000000
5037.000000
4996.000000
5071.000000
4762.000000
4469.000000
4941.000000
4713.000000
4587.000000
5408.000000
4579.000000
5160.000000
5095.000000
3907.000000
3354.000000
7503.000000
5145.000000
4885.000000
5159.000000
5049.000000
4975.000000
4839.000000
5188.000000
4927.000000
5118.000000
4701.000000
4528.000000
5085.000000
4623.000000
4771.000000
5170.000000
4573.000000
4955.000000
5076.000000
3769.000000
3376.000000
7612.000000
5034.000000
4833.000000
5106.000000
5018.000000
5117.000000
4879.000000
4993.000000
5137.000000
5039.000000
4799.000000
4855.000000
5060.000000
4539.000000
4772.000000
5080.000000
4760.000000
5402.000000
5307.000000
3831.000000
3423.000000
7491.000000
5119.000000
4904.000000
5052.000000
5442.000000
5050.000000
4888.000000
5090.000000
5112.000000
5109.000000
4773.000000
4584.000000
5073.000000
4629.000000
4822.000000
5256.000000
4667.000000
5150.000000
5076.000000
3575.000000
3369.000000
7830.000000
5159.000000
4993.000000
5474.000000
5187.000000
5024.000000
4773.000000
5423.000000
5114.000000
5506.000000
4821.000000
5010.000000
4948.000000
4293.000000
4642.000000
5374.000000
4491.000000
5188.000000
4982.000000
3683.000000
3460.000000
7515.000000
5049.000000
4917.000000
5032.000000
5068.000000
4996.000000
4800.000000
5283.000000
5147.000000
5019.000000
4721.000000
4866.000000
4956.000000
4662.000000
4620.000000
5313.000000
4585.000000
5068.000000
4998.000000
3845.000000
3309.000000
7546.000000
5058.000000
4910.000000
4903.000000
5088.000000
5016.000000
4733.000000
5404.000000
4961.000000
4901.000000
4811.000000
4942.000000
4960.000000
4533.000000
4748.000000
5159.000000
4651.000000
5083.000000
4906.000000
3834.000000
3431.000000
7444.000000
5077.000000
4768.000000
5121.000000
5133.000000
5057.000000
4676.000000
5299.000000
4986.000000
4979.000000
4963.000000
5090.000000
4829.000000
4678.000000
4640.000000
5322.000000
4489.000000
5081.000000
5401.000000
3785.000000
3496.000000
7549.000000
4890.000000
5044.000000
4911.000000
5201.000000
5012.000000
4807.000000
4959.000000
5057.000000
4983.000000
4992.000000
5015.000000
4881.000000
4587.000000
4722.000000
5227.000000
5054.000000
5050.000000
5018.000000
3922.000000
3387.000000
7551.000000
5018.000000
4842.000000
5004.000000
5071.000000
4991.000000
4940.000000
4849.000000
4976.000000
5317.000000
4912.000000
4480.000000
4964.000000
4502.000000
4653.000000
5203.000000
5190.000000
5119.000000
4952.000000
3924.000000
3346.000000
7579.000000
4958.000000
5047.000000
4886.000000
5109.000000
5464.000000
4704.000000
5057.000000
4854.000000
5016.000000
4808.000000
4411.000000
4944.000000
4477.000000
4801.000000
5236.000000
5042.000000
5419.000000
4993.000000
3843.000000
3413.000000
7537.000000
4998.000000
4939.000000
4990.000000
4980.000000
5477.000000
4706.000000
4979.000000
4850.000000
4974.000000
4821.000000
4405.000000
4979.000000
4542.000000
4782.000000
5193.000000
5088.000000
5091.000000
5249.000000
3879.000000
3408.000000
7453.000000
5178.000000
4937.000000
5100.000000
5040.000000
5360.000000
4727.000000
5056.000000
4972.000000
5031.000000
4819.000000
4557.000000
4870.000000
4579.000000
4730.000000
5236.000000
5042.000000
5130.000000
4958.000000
3933.000000
3375.000000
7364.000000
5130.000000
4835.000000
4951.000000
5200.000000
5233.000000
4852.000000
4940.000000
5102.000000
5219.000000
4819.000000
4395.000000
4943.000000
4488.000000
4604.000000
5379.000000
5074.000000
5151.000000
5034.000000
3830.000000
3311.000000
7401.000000
5209.000000
4973.000000
4978.000000
5121.000000
5260.000000
4889.000000
4928.000000
5087.000000
4995.000000
4843.000000
4277.000000
4964.000000
4593.000000
4722.000000
5225.000000
5073.000000
5103.000000
5036.000000
3764.000000
3374.000000
7490.000000
5061.000000
4956.000000
4917.000000
5075.000000
5340.000000
4966.000000
5058.000000
4995.000000
5022.000000
4785.000000
4377.000000
5318.000000
4583.000000
4842.000000
5237.000000
5229.000000
5154.000000
5053.000000
3806.000000
3418.000000
7405.000000
5157.000000
4816.000000
5009.000000
5013.000000
5300.000000
4890.000000
4982.000000
4998.000000
5271.000000
4785.000000
4380.000000
4846.000000
4556.000000
4797.000000
5175.000000
5185.000000
5151.000000
4996.000000
3833.000000
3357.000000
7460.000000
5053.000000
4963.000000
5037.000000
4995.000000
5432.000000
4810.000000
5103.000000
4973.000000
4913.000000
4695.000000
4439.000000
4931.000000
4494.000000
4626.000000
5335.000000
5064.000000
5106.000000
5235.000000
3837.000000
3416.000000
7356.000000
5119.000000
5032.000000
5061.000000
5196.000000
5361.000000
4743.000000
5106.000000
4891.000000
5034.000000
4613.000000
4426.000000
5053.000000
4490.000000
4708.000000
5207.000000
5069.000000
5060.000000
5068.000000
3769.000000
3480.000000
7465.000000
5172.000000
4941.000000
5022.000000
5062.000000
5328.000000
4704.000000
5134.000000
4910.000000
5169.000000
4794.000000
4413.000000
5003.000000
4512.000000
4829.000000
5066.000000
5172.000000
5153.000000
5038.000000
3926.000000
3271.000000
7454.000000
4838.000000
4874.000000
4908.000000
4823.000000
5386.000000
4748.000000
