24048.000000
58.000000
11734.000000
11180.000000
11221.000000
11396.000000
11165.000000
11611.000000
11402.000000
12138.000000
13787.000000
8916.000000
11420.000000
12062.000000
11913.000000
11155.000000
11595.000000
4086.000000
9274.000000
20296.000000
11943.000000
6860.000000
5172.000000
5348.000000
2586.000000
6794.000000
2775.000000
4802.000000
6899.000000
2630.000000
7135.000000
9373.000000
1333.000000
3801.000000
6759.000000
4642.000000
4860.000000
4762.000000
3775.000000
3155.000000
7936.000000
5115.000000
4687.000000
5192.000000
4826.000000
4685.000000
5052.000000
4988.000000
5041.000000
5040.000000
5036.000000
5169.000000
9252.000000
1764.000000
4960.000000
5046.000000
4811.000000
4458.000000
4493.000000
3927.000000
3112.000000
7945.000000
5390.000000
5029.000000
5136.000000
4904.000000
4816.000000
5036.000000
4946.000000
4820.000000
4989.000000
5118.000000
5055.000000
9517.000000
1301.000000
3703.000000
5233.000000
5000.000000
4588.000000
5373.000000
3910.000000
3234.000000
8064.000000
5370.000000
4977.000000
5281.000000
4495.000000
4737.000000
4985.000000
4968.000000
4989.000000
5018.000000
5005.000000
5029.000000
9191.000000
1391.000000
4371.000000
5090.000000
4860.000000
4491.000000
4887.000000
3868.000000
3137.000000
7985.000000
5374.000000
4998.000000
5211.000000
4709.000000
4885.000000
5024.000000
4984.000000
4939.000000
4986.000000
4979.000000
5105.000000
6939.000000
2474.000000
4918.000000
5056.000000
4975.000000
4420.000000
4891.000000
3903.000000
3048.000000
7734.000000
5451.000000
4989.000000
5126.000000
4604.000000
4876.000000
5009.000000
5029.000000
4861.000000
5049.000000
4957.000000
5137.000000
6958.000000
2491.000000
4893.000000
5167.000000
4856.000000
4599.000000
5247.000000
3845.000000
3041.000000
7751.000000
5429.000000
4961.000000
5139.000000
4668.000000
4852.000000
4945.000000
5023.000000
4918.000000
5909.000000
5030.000000
5120.000000
6915.000000
2486.000000
4945.000000
5391.000000
4919.000000
4573.000000
5296.000000
3944.000000
2943.000000
7806.000000
5342.000000
4930.000000
5618.000000
4552.000000
4909.000000
4808.000000
5032.000000
5037.000000
5026.000000
5043.000000
5021.000000
6879.000000
2680.000000
5073.000000
5038.000000
4921.000000
4363.000000
4995.000000
3925.000000
2993.000000
7794.000000
5432.000000
5065.000000
5167.000000
4536.000000
5028.000000
4970.000000
4812.000000
4926.000000
4953.000000
5039.000000
5079.000000
6904.000000
2448.000000
5110.000000
4978.000000
4885.000000
4816.000000
4818.000000
3975.000000
3048.000000
7772.000000
5149.000000
5051.000000
5210.000000
4673.000000
5037.000000
4901.000000
4884.000000
4852.000000
4971.000000
5052.000000
5001.000000
6970.000000
2448.000000
5008.000000
5005.000000
4979.000000
4427.000000
4872.000000
4090.000000
3044.000000
7696.000000
5381.000000
4995.000000
5123.000000
4681.000000
4859.000000
5072.000000
4973.000000
4837.000000
4963.000000
4997.000000
5301.000000
6852.000000
2438.000000
4976.000000
5099.000000
4756.000000
4412.000000
4869.000000
3948.000000
3155.000000
8054.000000
5260.000000
5014.000000
5220.000000
4570.000000
4984.000000
5038.000000
4936.000000
4935.000000
5030.000000
5040.000000
5052.000000
6916.000000
2398.000000
4956.000000
5150.000000
4783.000000
4688.000000
4874.000000
3885.000000
3186.000000
8033.000000
5322.000000
4992.000000
5248.000000
4491.000000
4986.000000
4928.000000
5001.000000
4928.000000
4980.000000
5084.000000
5082.000000
6948.000000
2741.000000
4909.000000
5116.000000
4881.000000
4645.000000
4862.000000
3947.000000
3168.000000
7958.000000
5375.000000
5024.000000
4794.000000
4718.000000
4962.000000
5005.000000
5006.000000
4960.000000
5031.000000
5034.000000
5177.000000
6855.000000
2810.000000
5122.000000
5099.000000
4881.000000
4382.000000
4996.000000
3957.000000
3050.000000
7888.000000
5399.000000
5039.000000
5150.000000
4925.000000
4897.000000
5125.000000
4999.000000
5002.000000
5001.000000
4841.000000
5357.000000
6918.000000
2904.000000
5034.000000
5140.000000
5054.000000
4464.000000
5029.000000
4062.000000
3033.000000
7900.000000
5389.000000
5072.000000
5234.000000
5046.000000
4912.000000
4868.000000
4981.000000
4985.000000
4999.000000
4996.000000
5177.000000
4735.000000
5125.000000
5014.000000
5136.000000
4919.000000
4864.000000
4990.000000
3957.000000
3044.000000
7865.000000
5322.000000
5074.000000
5101.000000
5323.000000
5050.000000
5066.000000
4970.000000
4892.000000
5067.000000
4972.000000
5215.000000
4950.000000
5133.000000
5008.000000
5038.000000
5132.000000
4772.000000
5015.000000
4024.000000
2960.000000
7823.000000
5279.000000
5128.000000
5233.000000
5082.000000
4893.000000
4959.000000
4963.000000
4905.000000
4980.000000
4852.000000
5276.000000
4919.000000
5159.000000
4939.000000
5020.000000
4899.000000
4755.000000
4400.000000
4365.000000
2947.000000
7738.000000
5395.000000
5012.000000
5160.000000
4985.000000
4935.000000
4979.000000
4833.000000
5005.000000
5274.000000
4980.000000
5311.000000
5032.000000
5148.000000
4788.000000
5105.000000
5248.000000
4757.000000
4837.000000
4342.000000
2920.000000
7787.000000
5294.000000
4977.000000
5103.000000
5045.000000
4845.000000
4926.000000
4831.000000
4970.000000
5417.000000
4941.000000
5123.000000
4970.000000
5252.000000
4998.000000
5030.000000
4989.000000
4797.000000
4922.000000
4174.000000
3058.000000
7779.000000
5265.000000
4985.000000
5187.000000
5029.000000
4807.000000
5028.000000
4949.000000
4971.000000
5371.000000
4888.000000
5177.000000
5058.000000
4973.000000
5142.000000
4970.000000
4925.000000
4752.000000
5451.000000
3959.000000
2920.000000
7684.000000
5479.000000
4886.000000
5161.000000
5410.000000
4857.000000
4958.000000
4915.000000
5023.000000
5357.000000
4900.000000
5166.000000
5006.000000
4771.000000
5073.000000
5104.000000
5075.000000
4836.000000
4999.000000
4009.000000
3144.000000
7927.000000
5387.000000
4941.000000
5297.000000
5023.000000
4970.000000
4924.000000
4987.000000
5080.000000
4992.000000
5020.000000
5088.000000
5134.000000
4749.000000
5070.000000
5245.000000
4930.000000
4747.000000
5030.000000
4289.000000
3044.000000
7907.000000
5135.000000
5158.000000
5088.000000
5064.000000
4884.000000
4858.000000
5032.000000
4972.000000
4892.000000
5040.000000
4876.000000
5114.000000
4650.000000
4992.000000
5241.000000
4966.000000
4743.000000
4941.000000
3914.000000
3129.000000
7830.000000
5244.000000
4982.000000
5204.000000
4953.000000
4902.000000
4943.000000
4995.000000
4880.000000
5090.000000
5003.000000
5227.000000
4960.000000
4807.000000
5019.000000
5069.000000
4996.000000
4712.000000
5009.000000
3885.000000
3013.000000
7748.000000
5363.000000
4642.000000
5155.000000
4850.000000
5034.000000
4952.000000
4927.000000
4928.000000
4985.000000
4939.000000
5064.000000
5131.000000
4784.000000
5016.000000
5145.000000
4874.000000
4678.000000
5387.000000
3939.000000
2974.000000
7727.000000
5321.000000
4650.000000
5120.000000
5464.000000
5919.000000
4921.000000
4986.000000
4925.000000
4933.000000
4853.000000
5415.000000
5072.000000
4736.000000
4971.000000
5093.000000
5093.000000
4643.000000
4471.000000
4027.000000
3010.000000
7403.000000
5274.000000
4666.000000
5083.000000
5022.000000
4924.000000
5074.000000
4861.000000
5071.000000
5019.000000
5044.000000
5049.000000
4913.000000
5047.000000
5031.000000
5033.000000
5049.000000
4727.000000
4500.000000
4183.000000
2980.000000
7274.000000
5213.000000
4566.000000
5101.000000
4905.000000
4879.000000
4948.000000
5014.000000
4864.000000
5067.000000
4882.000000
5255.000000
4920.000000
4968.000000
5062.000000
5075.000000
4945.000000
4792.000000
4953.000000
3972.000000
3055.000000
7319.000000
5146.000000
4641.000000
5503.000000
5207.000000
4938.000000
4989.000000
5006.000000
4919.000000
5074.000000
5007.000000
4996.000000
5049.000000
4968.000000
5041.000000
5263.000000
5008.000000
4681.000000
4763.000000
3993.000000
3038.000000
7411.000000
5322.000000
4480.000000
5335.000000
5014.000000
4847.000000
5056.000000
4992.000000
4986.000000
4948.000000
5376.000000
5348.000000
5030.000000
4859.000000
5268.000000
5298.000000
5385.000000
4865.000000
5051.000000
3888.000000
3054.000000
7311.000000
5217.000000
4526.000000
5091.000000
4973.000000
5005.000000
4917.000000
4953.000000
4818.000000
5049.000000
4967.000000
5119.000000
4867.000000
4931.000000
5282.000000
5163.000000
4875.000000
4849.000000
4983.000000
3931.000000
3002.000000
7278.000000
5163.000000
4585.000000
5047.000000
5005.000000
4977.000000
4842.000000
5033.000000
4946.000000
4949.000000
4784.000000
5278.000000
4846.000000
4766.000000
5430.000000
4994.000000
4973.000000
4649.000000
4989.000000
3874.000000
3112.000000
7203.000000
5387.000000
4440.000000
5194.000000
4960.000000
4837.000000
4899.000000
4989.000000
4935.000000
4939.000000
4941.000000
5216.000000
4940.000000
4748.000000
5359.000000
5041.000000
4959.000000
4908.000000
5094.000000
3870.000000
3043.000000
7298.000000
5278.000000
4516.000000
5060.000000
5431.000000
4872.000000
4954.000000
4923.000000
4925.000000
5051.000000
4822.000000
5265.000000
5019.000000
4698.000000
5022.000000
5217.000000
4954.000000
5018.000000
4818.000000
3967.000000
3002.000000
7222.000000
5429.000000
4951.000000
5172.000000
4910.000000
4946.000000
4958.000000
4984.000000
4890.000000
4918.000000
5026.000000
5117.000000
5003.000000
4835.000000
4925.000000
5101.000000
5113.000000
4902.000000
4506.000000
3881.000000
2985.000000
7227.000000
5301.000000
5096.000000
5441.000000
4974.000000
4929.000000
4967.000000
4958.000000
4942.000000
4982.000000
4975.000000
5126.000000
5414.000000
4772.000000
4736.000000
4744.000000
5072.000000
4783.000000
4449.000000
3948.000000
2978.000000
7201.000000
5329.000000
4899.000000
5634.000000
4874.000000
4930.000000
4969.000000
4942.000000
4782.000000
5032.000000
4965.000000
5205.000000
5277.000000
4798.000000
4933.000000
4939.000000
4951.000000
4716.000000
4459.000000
3836.000000
3150.000000
7389.000000
5082.000000
5062.000000
5212.000000
5359.000000
4761.000000
5070.000000
4924.000000
5007.000000
5007.000000
4875.000000
5228.000000
5321.000000
4740.000000
5104.000000
5001.000000
4939.000000
4811.000000
4534.000000
3935.000000
2989.000000
7316.000000
5234.000000
4919.000000
5172.000000
4994.000000
5019.000000
4945.000000
4911.000000
4942.000000
4970.000000
4969.000000
5063.000000
5369.000000
4816.000000
4916.000000
5048.000000
5223.000000
4677.000000
4509.000000
3791.000000
3088.000000
7173.000000
5295.000000
5050.000000
5277.000000
5041.000000
4727.000000
4902.000000
5060.000000
4966.000000
5029.000000
4949.000000
5164.000000
5277.000000
4887.000000
4970.000000
5034.000000
4973.000000
4678.000000
4489.000000
3844.000000
3121.000000
7302.000000
5230.000000
5036.000000
5172.000000
4837.000000
4985.000000
4819.000000
4962.000000
4915.000000
5094.000000
4978.000000
5174.000000
5262.000000
4865.000000
5025.000000
5066.000000
4993.000000
4788.000000
4266.000000
4317.000000
3151.000000
7390.000000
5330.000000
5045.000000
5170.000000
5009.000000
4960.000000
4971.000000
4873.000000
5050.000000
4907.000000
4987.000000
5083.000000
5267.000000
4875.000000
4938.000000
4988.000000
5247.000000
4711.000000
4437.000000
3912.000000
3051.000000
7331.000000
5281.000000
5039.000000
5202.000000
4972.000000
4917.000000
4907.000000
4973.000000
4953.000000
5022.000000
4951.000000
4987.000000
5378.000000
4887.000000
5031.000000
5003.000000
4969.000000
4742.000000
4304.000000
3837.000000
3052.000000
7319.000000
5138.000000
5141.000000
5087.000000
5225.000000
5036.000000
4870.000000
4934.000000
4990.000000
4933.000000
5101.000000
5114.000000
5380.000000
4879.000000
4975.000000
5006.000000
4882.000000
4707.000000
4365.000000
3929.000000
3061.000000
7328.000000
5225.000000
5044.000000
5175.000000
4837.000000
5043.000000
4958.000000
4990.000000
4954.000000
4854.000000
5110.000000
5011.000000
5453.000000
4805.000000
4987.000000
4931.000000
5259.000000
4799.000000
4334.000000
3934.000000
3096.000000
7205.000000
5281.000000
5145.000000
4961.000000
5022.000000
5042.000000
4918.000000
4992.000000
4492.000000
4987.000000
4895.000000
4884.000000
5357.000000
4733.000000
