26360.000000
46.000000
9704.000000
11152.000000
11318.000000
11452.000000
11081.000000
11506.000000
11409.000000
12225.000000
11648.000000
11147.000000
11377.000000
11891.000000
11970.000000
3829.000000
9558.000000
20687.000000
11247.000000
11125.000000
11564.000000
5227.000000
11705.000000
1435.000000
1980.000000
4771.000000
4754.000000
4844.000000
4905.000000
4604.000000
4909.000000
7100.000000
4908.000000
4892.000000
6509.000000
4914.000000
3710.000000
3225.000000
7350.000000
5145.000000
4840.000000
5244.000000
4646.000000
9778.000000
1339.000000
3513.000000
5094.000000
4944.000000
5080.000000
5064.000000
5031.000000
5167.000000
4701.000000
6296.000000
4962.000000
5031.000000
4919.000000
3226.000000
3138.000000
7398.000000
5366.000000
4664.000000
5385.000000
5020.000000
9774.000000
1204.000000
3985.000000
4981.000000
4946.000000
4890.000000
4999.000000
4993.000000
5096.000000
4862.000000
4850.000000
4940.000000
5099.000000
5076.000000
3539.000000
3190.000000
8132.000000
5395.000000
4852.000000
5383.000000
4986.000000
9752.000000
1259.000000
3529.000000
4986.000000
4930.000000
4991.000000
5020.000000
4969.000000
5118.000000
4644.000000
5283.000000
5045.000000
5072.000000
4902.000000
3274.000000
3021.000000
7919.000000
5315.000000
4713.000000
5384.000000
4990.000000
7475.000000
2509.000000
4743.000000
5123.000000
4876.000000
4971.000000
5000.000000
4905.000000
5278.000000
4540.000000
4708.000000
5057.000000
5037.000000
4980.000000
3287.000000
3124.000000
7846.000000
5113.000000
4724.000000
5326.000000
4993.000000
7361.000000
2486.000000
4832.000000
4937.000000
5040.000000
4815.000000
5085.000000
4930.000000
5153.000000
4667.000000
4758.000000
5006.000000
5180.000000
4822.000000
3515.000000
3124.000000
8145.000000
4990.000000
4756.000000
5375.000000
4981.000000
7361.000000
2421.000000
4876.000000
4982.000000
4900.000000
4925.000000
5949.000000
5016.000000
5179.000000
4649.000000
4804.000000
4997.000000
5346.000000
4852.000000
3519.000000
3165.000000
8107.000000
4966.000000
4809.000000
5170.000000
5114.000000
7782.000000
2401.000000
4777.000000
4889.000000
5028.000000
5026.000000
5021.000000
4938.000000
5143.000000
4763.000000
4887.000000
5017.000000
5057.000000
4859.000000
3297.000000
3115.000000
7799.000000
5131.000000
4781.000000
5272.000000
5180.000000
7449.000000
2336.000000
4931.000000
4965.000000
4895.000000
4865.000000
5042.000000
4901.000000
5496.000000
4677.000000
4688.000000
5043.000000
5031.000000
4947.000000
3301.000000
3040.000000
8204.000000
5049.000000
4687.000000
5212.000000
5065.000000
7379.000000
2568.000000
4903.000000
4633.000000
4808.000000
5034.000000
4850.000000
4949.000000
5226.000000
4586.000000
4752.000000
4940.000000
5123.000000
4988.000000
3189.000000
3084.000000
8168.000000
4974.000000
4610.000000
5379.000000
5033.000000
7391.000000
2296.000000
4921.000000
5109.000000
4900.000000
4978.000000
4865.000000
5109.000000
5165.000000
4633.000000
4663.000000
5003.000000
5032.000000
4754.000000
3384.000000
3040.000000
7923.000000
5285.000000
4833.000000
5163.000000
5119.000000
7440.000000
2376.000000
4947.000000
5070.000000
4969.000000
4925.000000
5009.000000
5001.000000
5132.000000
4666.000000
4612.000000
4982.000000
5431.000000
4716.000000
3307.000000
3119.000000
8146.000000
5365.000000
4731.000000
5315.000000
5022.000000
7491.000000
2386.000000
4858.000000
4952.000000
4947.000000
4993.000000
4973.000000
5037.000000
5104.000000
4712.000000
4982.000000
4915.000000
5098.000000
4946.000000
3265.000000
3021.000000
8170.000000
5380.000000
4712.000000
5286.000000
5056.000000
6984.000000
2580.000000
4896.000000
5058.000000
4956.000000
4973.000000
5012.000000
5058.000000
5141.000000
4762.000000
5036.000000
5024.000000
4882.000000
4786.000000
3509.000000
3031.000000
7884.000000
5023.000000
4874.000000
5279.000000
5181.000000
7288.000000
2671.000000
5019.000000
4936.000000
5102.000000
5018.000000
5019.000000
4939.000000
5286.000000
4703.000000
5021.000000
5138.000000
5019.000000
5187.000000
3391.000000
3146.000000
8051.000000
5029.000000
4854.000000
5265.000000
5177.000000
5251.000000
5061.000000
4896.000000
4971.000000
4955.000000
4935.000000
5039.000000
4957.000000
5158.000000
4817.000000
5129.000000
4894.000000
5176.000000
4979.000000
3717.000000
3142.000000
7930.000000
5043.000000
4798.000000
5252.000000
5036.000000
5200.000000
5432.000000
4925.000000
5065.000000
4954.000000
4901.000000
5107.000000
4983.000000
5173.000000
4886.000000
5240.000000
4930.000000
5204.000000
5040.000000
3704.000000
3155.000000
8008.000000
4847.000000
4801.000000
5409.000000
4976.000000
5278.000000
5041.000000
4852.000000
4995.000000
4913.000000
5038.000000
4901.000000
4952.000000
5145.000000
5043.000000
5119.000000
5004.000000
4976.000000
4968.000000
3698.000000
3010.000000
7808.000000
4932.000000
4825.000000
5174.000000
5049.000000
5241.000000
5029.000000
4898.000000
4947.000000
4886.000000
4977.000000
5343.000000
4894.000000
5312.000000
5001.000000
5081.000000
4947.000000
4987.000000
5343.000000
3694.000000
3077.000000
8117.000000
5010.000000
4608.000000
5388.000000
4989.000000
4986.000000
5148.000000
4853.000000
4853.000000
4942.000000
4998.000000
5327.000000
4970.000000
5135.000000
4918.000000
5320.000000
4925.000000
5164.000000
5016.000000
3688.000000
3024.000000
8235.000000
4926.000000
4684.000000
5264.000000
5106.000000
5132.000000
5018.000000
4895.000000
4976.000000
4941.000000
4978.000000
5308.000000
4914.000000
5079.000000
5072.000000
5183.000000
5058.000000
5056.000000
4956.000000
3639.000000
3261.000000
8025.000000
5050.000000
4719.000000
5363.000000
5014.000000
5025.000000
5476.000000
4927.000000
4953.000000
4936.000000
4965.000000
5304.000000
4893.000000
5187.000000
4976.000000
4835.000000
5084.000000
5039.000000
5035.000000
3837.000000
3147.000000
7934.000000
5089.000000
4933.000000
5400.000000
5057.000000
5191.000000
5124.000000
4903.000000
4892.000000
5091.000000
4858.000000
5130.000000
5018.000000
5180.000000
4947.000000
4941.000000
4990.000000
5111.000000
5164.000000
3682.000000
3116.000000
8172.000000
5055.000000
4825.000000
5219.000000
5018.000000
5240.000000
5068.000000
4834.000000
4867.000000
4955.000000
4991.000000
4939.000000
5011.000000
4851.000000
5046.000000
4921.000000
4979.000000
5105.000000
5023.000000
3617.000000
3155.000000
7842.000000
5070.000000
4687.000000
5301.000000
5094.000000
5134.000000
5056.000000
4919.000000
4950.000000
4791.000000
5089.000000
4890.000000
5063.000000
5254.000000
5039.000000
4780.000000
4890.000000
5241.000000
4979.000000
3654.000000
3110.000000
7874.000000
4955.000000
4672.000000
5447.000000
4548.000000
5166.000000
5037.000000
4803.000000
4982.000000
4860.000000
5010.000000
5021.000000
4899.000000
5117.000000
5081.000000
4844.000000
5106.000000
5029.000000
4935.000000
3667.000000
3190.000000
8157.000000
4943.000000
4731.000000
5362.000000
4537.000000
5161.000000
5389.000000
5957.000000
4920.000000
5033.000000
4928.000000
4915.000000
4932.000000
5463.000000
4962.000000
4802.000000
4947.000000
5157.000000
4896.000000
3716.000000
3024.000000
7397.000000
4693.000000
4741.000000
5330.000000
4565.000000
5174.000000
5030.000000
5050.000000
4852.000000
4955.000000
5070.000000
5121.000000
4974.000000
5082.000000
4921.000000
5037.000000
5080.000000
5045.000000
4949.000000
3712.000000
3104.000000
7529.000000
4534.000000
4750.000000
5290.000000
4512.000000
5029.000000
4924.000000
4830.000000
4925.000000
5053.000000
4988.000000
4901.000000
5074.000000
5072.000000
4953.000000
4940.000000
5050.000000
5067.000000
5053.000000
3752.000000
3140.000000
7880.000000
4529.000000
4672.000000
5288.000000
4621.000000
5344.000000
5524.000000
4836.000000
4984.000000
4967.000000
5020.000000
4978.000000
5009.000000
4973.000000
5109.000000
4845.000000
5187.000000
5138.000000
5060.000000
3740.000000
3126.000000
7476.000000
4563.000000
4862.000000
5368.000000
4569.000000
5285.000000
4971.000000
4967.000000
4970.000000
5008.000000
4992.000000
5046.000000
5318.000000
5374.000000
5004.000000
4822.000000
5320.000000
5196.000000
5486.000000
3652.000000
3265.000000
7853.000000
4448.000000
4883.000000
5245.000000
4505.000000
5207.000000
4973.000000
4836.000000
4973.000000
4827.000000
4964.000000
4946.000000
5005.000000
5151.000000
4944.000000
4853.000000
5419.000000
4915.000000
5124.000000
3588.000000
3205.000000
7790.000000
4495.000000
4816.000000
5324.000000
4445.000000
5088.000000
5100.000000
4740.000000
4976.000000
4963.000000
4896.000000
4983.000000
4850.000000
5239.000000
4965.000000
4715.000000
5385.000000
4967.000000
4939.000000
3725.000000
3133.000000
7895.000000
4485.000000
4722.000000
5336.000000
4439.000000
5196.000000
5043.000000
4811.000000
4913.000000
4954.000000
4868.000000
4938.000000
4965.000000
5542.000000
4955.000000
4820.000000
5308.000000
5039.000000
4848.000000
3681.000000
3122.000000
8195.000000
4509.000000
4716.000000
5367.000000
4500.000000
5091.000000
5401.000000
4870.000000
4954.000000
4903.000000
4927.000000
5044.000000
4904.000000
5174.000000
4961.000000
4879.000000
4996.000000
5140.000000
4894.000000
3569.000000
3153.000000
8223.000000
4437.000000
4693.000000
5324.000000
4704.000000
5212.000000
4897.000000
4957.000000
5016.000000
4842.000000
4892.000000
5001.000000
4900.000000
5285.000000
4855.000000
4879.000000
5052.000000
4961.000000
5284.000000
3692.000000
3081.000000
7475.000000
4375.000000
4699.000000
5359.000000
5067.000000
5053.000000
5041.000000
4911.000000
4952.000000
5026.000000
4898.000000
5015.000000
5013.000000
5088.000000
5507.000000
4767.000000
4852.000000
5047.000000
4838.000000
3795.000000
3048.000000
7444.000000
4373.000000
4854.000000
5194.000000
4964.000000
5490.000000
5062.000000
4915.000000
4882.000000
4954.000000
4947.000000
4920.000000
5063.000000
5078.000000
5463.000000
4721.000000
4850.000000
4942.000000
4981.000000
3681.000000
3108.000000
7255.000000
4515.000000
4904.000000
5195.000000
5110.000000
5100.000000
5372.000000
4794.000000
4979.000000
4971.000000
5016.000000
4930.000000
5041.000000
5036.000000
5447.000000
4842.000000
4879.000000
5054.000000
5027.000000
3696.000000
3103.000000
7458.000000
4369.000000
4877.000000
5250.000000
4934.000000
5243.000000
5055.000000
4808.000000
4980.000000
4938.000000
4857.000000
5033.000000
4956.000000
5107.000000
5371.000000
4902.000000
4837.000000
4995.000000
5365.000000
3607.000000
3098.000000
7304.000000
4364.000000
4867.000000
5275.000000
5054.000000
5069.000000
5165.000000
4736.000000
5005.000000
4943.000000
4988.000000
4929.000000
5047.000000
5054.000000
5441.000000
4857.000000
5013.000000
4977.000000
4953.000000
3649.000000
3159.000000
7332.000000
4469.000000
4803.000000
5284.000000
4992.000000
5135.000000
4986.000000
4880.000000
4849.000000
5006.000000
4936.000000
5058.000000
4950.000000
5092.000000
5298.000000
4841.000000
5098.000000
5016.000000
4981.000000
3675.000000
3183.000000
7664.000000
4474.000000
4930.000000
5393.000000
5099.000000
5161.000000
5066.000000
4810.000000
5028.000000
4911.000000
4959.000000
4915.000000
4957.000000
5026.000000
5368.000000
4904.000000
4958.000000
4967.000000
5316.000000
3622.000000
3065.000000
7237.000000
4488.000000
4822.000000
5376.000000
4942.000000
5259.000000
5031.000000
4877.000000
4927.000000
4943.000000
4962.000000
4907.000000
5074.000000
5090.000000
5408.000000
4737.000000
5138.000000
4943.000000
4998.000000
3562.000000
3051.000000
7294.000000
4429.000000
4723.000000
5333.000000
4999.000000
5155.000000
5250.000000
4957.000000
4928.000000
4902.000000
4996.000000
5018.000000
5004.000000
5234.000000
5382.000000
4833.000000
5006.000000
4966.000000
5018.000000
3538.000000
3076.000000
7377.000000
4339.000000
4821.000000
5247.000000
5100.000000
5131.000000
5030.000000
4880.000000
5091.000000
4866.000000
4857.000000
4993.000000
4962.000000
5211.000000
5276.000000
4899.000000
4907.000000
5026.000000
5319.000000
3623.000000
3107.000000
7395.000000
4365.000000
4841.000000
5180.000000
5076.000000
5176.000000
5043.000000
4899.000000
4947.000000
4860.000000
4712.000000
4928.000000
4950.000000
4768.000000
5279.000000
4917.000000
