24048.000000
51.000000
11900.000000
10978.000000
11446.000000
11236.000000
11309.000000
11497.000000
11303.000000
14323.000000
9628.000000
11006.000000
11436.000000
12092.000000
11979.000000
10965.000000
11613.000000
2068.000000
13177.000000
18485.000000
11773.000000
4890.000000
7185.000000
5459.000000
2504.000000
6768.000000
2869.000000
4803.000000
6804.000000
2819.000000
11504.000000
1234.000000
3959.000000
4810.000000
8987.000000
4891.000000
2517.000000
4768.000000
1982.000000
6792.000000
5969.000000
5191.000000
4652.000000
5239.000000
4648.000000
4712.000000
5043.000000
4965.000000
5141.000000
5067.000000
4940.000000
9752.000000
1213.000000
5235.000000
5033.000000
7382.000000
4875.000000
1933.000000
4615.000000
1916.000000
7179.000000
5929.000000
5334.000000
5039.000000
5114.000000
4794.000000
5054.000000
4945.000000
4911.000000
4851.000000
4999.000000
4958.000000
9693.000000
1228.000000
3846.000000
4999.000000
7408.000000
4925.000000
2458.000000
5348.000000
1915.000000
7268.000000
5991.000000
5389.000000
4982.000000
5276.000000
4596.000000
4658.000000
4999.000000
4848.000000
4990.000000
5072.000000
4934.000000
9593.000000
1256.000000
4260.000000
5029.000000
7422.000000
4849.000000
2109.000000
4903.000000
1891.000000
7164.000000
6024.000000
5277.000000
4985.000000
5187.000000
4744.000000
4913.000000
5025.000000
4939.000000
4984.000000
4909.000000
4908.000000
7499.000000
2318.000000
4744.000000
5030.000000
7276.000000
4899.000000
2138.000000
5066.000000
1926.000000
6906.000000
5956.000000
5297.000000
4881.000000
5141.000000
4722.000000
4953.000000
4919.000000
4997.000000
4979.000000
5014.000000
4796.000000
7339.000000
2614.000000
4791.000000
4975.000000
7303.000000
4884.000000
2222.000000
5268.000000
1986.000000
6899.000000
5846.000000
5424.000000
4852.000000
5192.000000
4711.000000
4945.000000
4844.000000
4910.000000
4918.000000
6075.000000
4865.000000
7401.000000
2490.000000
4869.000000
4947.000000
7682.000000
4780.000000
2287.000000
5200.000000
2018.000000
6915.000000
5863.000000
5239.000000
5106.000000
5449.000000
4646.000000
4799.000000
5011.000000
4881.000000
4988.000000
5110.000000
5081.000000
7251.000000
2428.000000
4850.000000
5095.000000
7236.000000
4893.000000
2195.000000
4901.000000
1979.000000
6905.000000
5945.000000
5351.000000
5031.000000
5239.000000
4639.000000
4851.000000
5086.000000
4813.000000
4951.000000
5004.000000
4947.000000
7332.000000
2439.000000
4755.000000
4955.000000
7364.000000
4820.000000
2433.000000
4959.000000
1980.000000
6929.000000
5837.000000
5151.000000
5013.000000
5178.000000
4857.000000
4873.000000
4989.000000
4905.000000
4936.000000
4874.000000
5003.000000
7336.000000
2347.000000
4761.000000
4982.000000
7328.000000
2728.000000
4422.000000
4881.000000
1946.000000
7116.000000
5838.000000
5175.000000
5161.000000
5163.000000
4499.000000
4930.000000
5035.000000
4977.000000
4903.000000
4944.000000
4978.000000
7375.000000
2485.000000
4615.000000
5084.000000
5029.000000
4726.000000
4482.000000
4831.000000
2040.000000
7269.000000
5952.000000
5140.000000
4999.000000
5281.000000
4643.000000
4871.000000
5121.000000
4945.000000
4942.000000
5073.000000
4964.000000
7303.000000
2462.000000
4552.000000
4968.000000
5247.000000
4650.000000
4675.000000
4981.000000
1933.000000
7289.000000
5832.000000
5228.000000
5034.000000
5215.000000
4625.000000
4999.000000
4936.000000
4961.000000
4958.000000
4988.000000
5035.000000
7257.000000
2529.000000
5039.000000
4918.000000
5132.000000
4871.000000
4512.000000
4920.000000
1998.000000
7205.000000
5912.000000
5314.000000
5050.000000
4793.000000
4745.000000
4971.000000
5091.000000
4922.000000
4827.000000
5170.000000
4894.000000
7459.000000
2585.000000
5055.000000
4884.000000
5109.000000
4925.000000
4458.000000
4957.000000
1979.000000
6963.000000
5975.000000
5390.000000
5053.000000
5083.000000
4996.000000
4874.000000
5121.000000
4902.000000
5093.000000
4913.000000
5090.000000
7292.000000
2652.000000
5111.000000
5028.000000
5161.000000
5018.000000
4369.000000
5000.000000
2142.000000
7040.000000
5961.000000
5405.000000
4949.000000
5256.000000
5057.000000
4880.000000
4979.000000
5006.000000
4949.000000
4998.000000
4970.000000
7261.000000
2738.000000
5052.000000
4985.000000
5055.000000
5038.000000
4764.000000
4978.000000
2031.000000
6931.000000
5937.000000
5336.000000
5011.000000
5137.000000
5529.000000
4849.000000
5027.000000
4977.000000
5083.000000
5008.000000
4979.000000
5179.000000
4999.000000
5054.000000
4979.000000
5144.000000
5003.000000
4772.000000
5091.000000
2000.000000
6933.000000
5869.000000
5282.000000
5038.000000
5292.000000
5027.000000
4874.000000
5067.000000
4868.000000
4887.000000
5016.000000
4986.000000
5118.000000
5063.000000
5117.000000
4838.000000
5021.000000
4961.000000
4741.000000
4545.000000
2061.000000
7124.000000
5805.000000
5281.000000
5056.000000
5228.000000
4990.000000
4954.000000
4893.000000
4920.000000
5008.000000
5237.000000
4983.000000
5237.000000
5099.000000
5021.000000
4886.000000
5035.000000
5361.000000
4619.000000
5024.000000
2094.000000
6956.000000
5836.000000
5270.000000
5154.000000
5067.000000
4969.000000
4962.000000
4817.000000
4924.000000
4951.000000
5260.000000
4976.000000
5269.000000
5010.000000
5158.000000
4934.000000
5094.000000
5027.000000
4744.000000
4890.000000
2117.000000
7088.000000
5847.000000
5272.000000
4995.000000
5070.000000
5180.000000
4800.000000
4953.000000
4981.000000
4983.000000
5239.000000
5024.000000
5190.000000
4879.000000
5132.000000
5163.000000
5022.000000
4979.000000
4692.000000
5382.000000
1913.000000
6803.000000
5978.000000
5301.000000
4938.000000
5235.000000
5232.000000
4956.000000
4966.000000
4964.000000
4976.000000
5370.000000
4755.000000
5288.000000
4990.000000
4718.000000
5169.000000
5112.000000
5049.000000
4818.000000
5013.000000
2054.000000
6901.000000
6146.000000
5322.000000
5070.000000
5121.000000
5076.000000
5026.000000
4990.000000
4991.000000
4985.000000
5020.000000
4958.000000
5119.000000
5120.000000
4770.000000
5059.000000
5169.000000
5051.000000
4801.000000
4994.000000
2052.000000
7184.000000
5832.000000
5345.000000
5008.000000
5092.000000
5062.000000
4879.000000
5075.000000
4837.000000
5066.000000
4835.000000
4930.000000
5100.000000
4882.000000
4755.000000
5062.000000
5222.000000
4873.000000
4780.000000
4984.000000
2011.000000
6908.000000
5963.000000
5149.000000
5045.000000
5083.000000
5050.000000
4938.000000
4967.000000
4875.000000
5054.000000
4951.000000
4958.000000
5241.000000
4983.000000
4796.000000
5013.000000
5179.000000
4983.000000
4763.000000
4921.000000
1923.000000
6966.000000
5768.000000
5360.000000
4631.000000
5038.000000
4982.000000
5050.000000
4851.000000
4926.000000
5021.000000
5010.000000
4875.000000
5243.000000
4890.000000
4792.000000
5215.000000
5067.000000
4937.000000
4657.000000
5321.000000
1913.000000
6890.000000
5957.000000
5308.000000
4551.000000
5148.000000
5509.000000
5819.000000
4927.000000
5092.000000
4800.000000
4896.000000
4912.000000
5503.000000
5024.000000
4801.000000
4880.000000
5071.000000
4937.000000
4770.000000
4509.000000
1980.000000
6473.000000
5992.000000
5350.000000
4586.000000
5095.000000
5067.000000
4917.000000
5021.000000
4990.000000
4955.000000
5062.000000
5007.000000
5043.000000
4973.000000
4960.000000
5042.000000
5054.000000
5022.000000
4735.000000
4435.000000
2050.000000
6639.000000
5793.000000
5213.000000
4570.000000
5167.000000
4857.000000
4780.000000
4949.000000
5006.000000
4996.000000
4960.000000
5095.000000
5013.000000
5098.000000
4944.000000
4894.000000
5213.000000
5045.000000
4782.000000
4820.000000
2001.000000
6370.000000
6009.000000
5273.000000
4542.000000
5338.000000
5481.000000
4823.000000
4975.000000
5010.000000
5012.000000
4982.000000
5000.000000
5051.000000
4999.000000
4911.000000
5030.000000
5311.000000
5045.000000
4708.000000
4697.000000
1986.000000
6401.000000
6066.000000
5345.000000
4499.000000
5172.000000
5032.000000
4957.000000
4946.000000
4995.000000
5014.000000
5141.000000
5419.000000
5278.000000
4986.000000
4750.000000
5365.000000
5290.000000
5450.000000
4817.000000
4975.000000
1889.000000
6492.000000
5922.000000
5247.000000
4499.000000
5183.000000
4865.000000
4847.000000
4964.000000
4998.000000
4886.000000
5067.000000
4856.000000
5214.000000
5010.000000
4820.000000
5238.000000
5056.000000
5109.000000
4745.000000
4820.000000
2046.000000
6396.000000
5818.000000
5320.000000
4624.000000
5079.000000
4901.000000
4838.000000
5046.000000
4829.000000
4957.000000
5058.000000
4883.000000
5141.000000
4957.000000
4768.000000
5393.000000
5019.000000
4799.000000
4730.000000
4968.000000
1996.000000
6511.000000
5844.000000
5266.000000
4473.000000
5068.000000
5036.000000
4855.000000
4885.000000
4980.000000
4871.000000
5066.000000
4806.000000
5201.000000
5093.000000
4845.000000
5255.000000
5049.000000
4829.000000
4978.000000
4990.000000
1977.000000
6420.000000
5898.000000
5223.000000
4530.000000
5177.000000
5414.000000
4859.000000
4961.000000
4955.000000
4808.000000
5110.000000
4862.000000
5138.000000
5053.000000
4790.000000
5030.000000
5218.000000
4828.000000
5071.000000
4848.000000
1997.000000
6465.000000
5825.000000
5309.000000
5005.000000
5116.000000
5012.000000
4888.000000
4978.000000
4968.000000
4887.000000
4929.000000
4992.000000
5115.000000
5011.000000
4837.000000
4844.000000
5136.000000
5208.000000
4738.000000
4605.000000
1885.000000
6478.000000
5745.000000
5284.000000
5144.000000
5394.000000
4995.000000
4933.000000
4967.000000
4958.000000
4941.000000
4979.000000
4980.000000
5130.000000
5403.000000
4778.000000
4812.000000
4814.000000
4967.000000
4641.000000
4594.000000
1881.000000
6340.000000
5893.000000
5231.000000
5016.000000
5465.000000
5054.000000
4905.000000
4984.000000
4935.000000
4883.000000
4893.000000
5073.000000
5130.000000
5232.000000
4817.000000
4794.000000
5093.000000
4960.000000
4651.000000
4406.000000
2050.000000
6471.000000
5849.000000
5200.000000
5076.000000
5033.000000
5501.000000
4758.000000
5073.000000
4830.000000
4994.000000
4997.000000
5012.000000
5189.000000
5264.000000
4810.000000
4961.000000
5068.000000
5016.000000
4681.000000
4663.000000
1916.000000
6439.000000
5795.000000
5363.000000
4979.000000
5164.000000
5057.000000
4863.000000
4959.000000
4902.000000
4952.000000
4971.000000
4837.000000
5164.000000
5507.000000
4650.000000
4995.000000
5011.000000
5323.000000
4592.000000
4480.000000
1907.000000
6310.000000
5952.000000
5327.000000
4896.000000
5242.000000
5078.000000
4841.000000
4911.000000
4863.000000
5179.000000
4937.000000
4857.000000
5149.000000
5464.000000
4693.000000
4972.000000
5126.000000
4936.000000
4798.000000
4375.000000
1979.000000
6358.000000
5977.000000
5149.000000
4984.000000
5293.000000
4814.000000
4896.000000
4937.000000
4942.000000
4919.000000
5049.000000
5043.000000
5049.000000
5408.000000
4734.000000
5063.000000
5054.000000
4966.000000
4785.000000
4451.000000
2126.000000
6679.000000
5913.000000
5456.000000
5012.000000
5260.000000
4906.000000
4984.000000
4967.000000
4850.000000
4980.000000
4930.000000
4929.000000
5100.000000
5406.000000
4770.000000
4951.000000
5002.000000
5264.000000
4692.000000
4377.000000
2022.000000
6374.000000
5991.000000
5348.000000
4902.000000
5286.000000
4953.000000
4922.000000
4897.000000
4886.000000
5050.000000
5013.000000
4905.000000
5108.000000
5336.000000
4847.000000
4966.000000
5112.000000
4955.000000
4700.000000
4259.000000
1940.000000
6456.000000
5795.000000
5394.000000
4981.000000
5134.000000
5307.000000
4892.000000
4803.000000
5032.000000
4853.000000
5150.000000
5058.000000
5153.000000
5318.000000
4834.000000
4985.000000
5010.000000
4968.000000
4565.000000
4439.000000
1944.000000
6479.000000
5872.000000
5331.000000
4959.000000
5194.000000
4951.000000
4918.000000
4973.000000
4974.000000
4915.000000
4981.000000
4953.000000
5070.000000
5466.000000
4792.000000
4976.000000
4986.000000
5207.000000
4666.000000
4427.000000
2008.000000
6483.000000
5855.000000
5197.000000
5132.000000
5046.000000
5013.000000
4898.000000
4930.000000
5090.000000
4562.000000
4821.000000
4988.000000
4865.000000
5296.000000
4797.000000
