24005.000000
45.000000
11835.000000
12621.000000
11337.000000
11381.000000
11167.000000
11497.000000
11406.000000
10706.000000
11749.000000
12475.000000
11526.000000
3323.000000
10146.000000
21348.000000
11672.000000
11365.000000
11159.000000
11251.000000
11583.000000
6650.000000
4619.000000
5272.000000
5369.000000
2552.000000
4744.000000
7014.000000
2733.000000
6979.000000
2354.000000
4875.000000
7337.000000
4746.000000
5411.000000
3306.000000
7401.000000
4836.000000
4879.000000
5138.000000
4903.000000
7362.000000
2456.000000
5011.000000
4701.000000
4941.000000
5059.000000
4997.000000
5067.000000
5051.000000
5074.000000
4923.000000
4692.000000
6517.000000
4952.000000
3769.000000
3200.000000
7272.000000
4569.000000
5017.000000
5339.000000
4613.000000
5429.000000
5045.000000
4879.000000
4819.000000
5196.000000
4994.000000
4938.000000
4933.000000
4966.000000
5005.000000
4855.000000
4800.000000
5001.000000
5056.000000
3803.000000
3283.000000
7506.000000
5432.000000
5035.000000
5427.000000
4796.000000
5333.000000
4962.000000
5032.000000
4667.000000
4878.000000
5044.000000
4865.000000
5004.000000
5068.000000
4957.000000
4861.000000
4619.000000
5613.000000
4988.000000
3804.000000
3202.000000
7198.000000
5047.000000
4945.000000
5250.000000
4834.000000
5337.000000
4991.000000
4961.000000
4673.000000
5156.000000
5008.000000
4966.000000
4945.000000
5052.000000
4959.000000
4910.000000
4536.000000
5018.000000
4921.000000
3868.000000
3229.000000
7360.000000
4986.000000
4997.000000
4916.000000
4855.000000
5355.000000
4921.000000
4887.000000
4696.000000
5096.000000
5008.000000
4894.000000
4980.000000
4951.000000
4998.000000
4934.000000
4642.000000
4999.000000
4962.000000
3884.000000
3199.000000
7403.000000
5312.000000
5037.000000
4959.000000
4776.000000
5290.000000
5037.000000
4888.000000
4643.000000
5113.000000
4960.000000
4896.000000
4945.000000
5978.000000
4965.000000
4833.000000
4767.000000
5132.000000
4802.000000
4179.000000
3193.000000
7501.000000
5273.000000
5014.000000
4943.000000
4828.000000
5163.000000
5124.000000
5268.000000
4543.000000
5053.000000
5077.000000
4864.000000
5028.000000
4998.000000
5136.000000
4840.000000
4709.000000
5021.000000
5014.000000
3863.000000
3181.000000
7192.000000
5103.000000
4998.000000
5048.000000
4763.000000
5360.000000
5035.000000
4980.000000
4672.000000
5127.000000
4980.000000
4835.000000
4986.000000
4999.000000
4905.000000
4883.000000
4655.000000
4883.000000
5096.000000
3863.000000
3169.000000
7540.000000
4932.000000
5072.000000
5022.000000
4701.000000
5282.000000
4992.000000
4922.000000
4783.000000
5155.000000
4778.000000
4997.000000
4949.000000
4990.000000
4876.000000
4917.000000
4697.000000
4943.000000
5012.000000
3638.000000
3324.000000
7340.000000
4778.000000
5281.000000
4992.000000
4758.000000
5191.000000
5093.000000
4955.000000
4667.000000
5107.000000
5021.000000
4922.000000
5019.000000
4997.000000
4961.000000
4901.000000
4633.000000
4831.000000
5026.000000
3872.000000
3142.000000
7243.000000
4864.000000
5113.000000
5340.000000
4770.000000
5266.000000
5008.000000
4966.000000
4607.000000
5170.000000
5061.000000
4921.000000
4957.000000
5049.000000
5003.000000
4876.000000
4654.000000
4860.000000
5032.000000
3866.000000
3061.000000
7607.000000
4849.000000
5062.000000
5366.000000
4666.000000
5386.000000
4993.000000
4962.000000
4571.000000
5154.000000
4969.000000
4922.000000
5002.000000
5008.000000
5036.000000
4847.000000
4701.000000
5140.000000
5025.000000
3854.000000
3167.000000
7597.000000
4861.000000
5010.000000
5397.000000
4710.000000
5298.000000
5019.000000
4565.000000
4780.000000
5163.000000
5022.000000
4852.000000
5069.000000
5065.000000
5017.000000
4914.000000
4744.000000
5349.000000
5018.000000
3810.000000
3244.000000
7228.000000
4896.000000
5218.000000
5013.000000
4815.000000
5383.000000
5009.000000
5064.000000
4789.000000
5188.000000
5068.000000
4952.000000
5053.000000
4929.000000
5044.000000
5039.000000
4599.000000
5458.000000
5023.000000
3869.000000
3200.000000
7547.000000
4957.000000
5243.000000
5017.000000
4744.000000
5464.000000
5061.000000
5010.000000
5081.000000
5024.000000
5081.000000
4939.000000
5009.000000
4870.000000
5086.000000
4893.000000
4827.000000
5368.000000
5000.000000
3768.000000
3174.000000
7705.000000
5143.000000
4984.000000
5074.000000
4815.000000
5232.000000
5152.000000
4871.000000
5302.000000
5264.000000
5092.000000
4923.000000
5029.000000
4917.000000
5052.000000
4848.000000
5133.000000
5303.000000
5056.000000
3720.000000
3285.000000
7881.000000
5006.000000
5099.000000
4986.000000
4818.000000
5288.000000
5054.000000
4997.000000
5100.000000
5087.000000
4958.000000
4923.000000
4962.000000
4986.000000
4960.000000
4905.000000
4962.000000
5371.000000
4901.000000
3811.000000
3117.000000
7783.000000
4453.000000
5372.000000
4961.000000
4728.000000
5358.000000
5014.000000
4952.000000
5013.000000
5083.000000
5009.000000
4867.000000
4953.000000
5238.000000
5120.000000
5007.000000
5025.000000
5299.000000
4990.000000
3645.000000
3300.000000
7979.000000
4962.000000
5334.000000
4843.000000
4794.000000
5216.000000
5008.000000
4890.000000
5023.000000
5028.000000
4931.000000
4963.000000
4986.000000
5273.000000
4927.000000
4905.000000
5031.000000
5503.000000
5017.000000
3773.000000
3209.000000
7729.000000
5002.000000
5342.000000
4987.000000
4620.000000
5395.000000
4879.000000
5004.000000
5036.000000
5154.000000
4917.000000
4940.000000
4891.000000
5430.000000
4950.000000
4817.000000
5117.000000
5276.000000
5155.000000
3633.000000
3259.000000
7751.000000
5265.000000
5133.000000
4963.000000
4687.000000
5409.000000
4959.000000
4937.000000
5366.000000
5101.000000
4979.000000
4891.000000
4959.000000
5351.000000
4946.000000
4921.000000
4997.000000
5086.000000
5054.000000
3791.000000
3231.000000
7825.000000
5125.000000
5141.000000
5035.000000
4876.000000
5403.000000
5030.000000
4975.000000
5098.000000
5124.000000
5030.000000
4932.000000
5024.000000
4915.000000
5088.000000
4938.000000
5033.000000
5178.000000
5032.000000
3809.000000
3236.000000
7744.000000
5071.000000
5349.000000
5060.000000
4813.000000
5193.000000
5008.000000
5012.000000
4988.000000
5053.000000
4969.000000
4942.000000
4973.000000
4898.000000
5036.000000
4707.000000
5055.000000
5014.000000
5017.000000
3808.000000
3238.000000
7746.000000
4824.000000
5185.000000
5008.000000
4793.000000
5287.000000
5026.000000
4915.000000
4937.000000
5232.000000
4814.000000
4930.000000
5087.000000
4913.000000
5060.000000
4912.000000
5099.000000
5037.000000
4978.000000
3844.000000
3261.000000
7778.000000
4897.000000
4989.000000
4972.000000
4726.000000
5431.000000
4559.000000
4928.000000
4984.000000
5083.000000
5001.000000
4869.000000
4976.000000
4992.000000
4944.000000
4948.000000
5031.000000
5070.000000
5063.000000
3708.000000
3208.000000
7674.000000
5398.000000
4912.000000
5011.000000
4733.000000
5363.000000
4507.000000
5018.000000
5415.000000
6148.000000
4891.000000
4979.000000
4959.000000
4916.000000
4788.000000
5327.000000
5027.000000
4986.000000
5038.000000
3792.000000
3127.000000
7710.000000
4504.000000
5155.000000
4618.000000
4686.000000
5388.000000
4580.000000
4870.000000
5112.000000
5132.000000
4923.000000
5015.000000
4961.000000
5089.000000
4964.000000
4881.000000
4946.000000
5169.000000
5142.000000
3747.000000
3183.000000
7825.000000
4418.000000
5214.000000
4550.000000
4725.000000
5270.000000
4452.000000
4884.000000
5003.000000
5060.000000
4954.000000
4869.000000
5090.000000
5004.000000
4995.000000
4879.000000
4968.000000
5079.000000
5032.000000
3940.000000
3146.000000
7869.000000
4952.000000
5021.000000
4512.000000
4726.000000
5238.000000
4669.000000
5141.000000
5398.000000
5074.000000
4993.000000
4982.000000
5008.000000
4987.000000
5033.000000
4727.000000
5108.000000
5162.000000
5122.000000
3882.000000
3223.000000
7759.000000
4710.000000
5111.000000
4564.000000
4811.000000
5314.000000
4626.000000
4967.000000
5027.000000
5140.000000
4978.000000
4960.000000
5024.000000
5078.000000
5383.000000
4922.000000
5123.000000
5123.000000
5365.000000
3860.000000
3608.000000
7793.000000
5019.000000
5011.000000
4609.000000
4742.000000
5311.000000
4553.000000
4833.000000
4917.000000
5183.000000
4957.000000
4866.000000
4965.000000
4992.000000
4989.000000
4861.000000
5022.000000
5090.000000
5316.000000
3750.000000
3205.000000
7698.000000
5036.000000
4974.000000
4598.000000
4659.000000
5399.000000
4418.000000
4916.000000
4898.000000
5141.000000
4997.000000
4846.000000
5061.000000
4850.000000
4979.000000
4825.000000
5058.000000
4945.000000
5417.000000
3719.000000
3095.000000
7716.000000
5054.000000
4938.000000
4498.000000
4789.000000
5382.000000
4452.000000
4876.000000
5043.000000
4971.000000
4995.000000
5000.000000
4881.000000
4940.000000
4961.000000
4965.000000
5004.000000
5033.000000
5198.000000
3866.000000
3100.000000
7954.000000
5047.000000
5035.000000
4487.000000
4781.000000
5177.000000
4587.000000
4901.000000
5386.000000
4974.000000
5074.000000
4968.000000
4860.000000
5079.000000
4902.000000
4957.000000
4830.000000
5103.000000
5153.000000
3755.000000
3197.000000
8077.000000
4876.000000
5057.000000
4387.000000
4805.000000
5301.000000
5013.000000
4839.000000
4986.000000
5144.000000
4994.000000
4846.000000
4914.000000
5040.000000
4994.000000
4922.000000
4888.000000
5204.000000
4847.000000
3752.000000
3321.000000
7993.000000
4497.000000
5055.000000
4511.000000
4688.000000
5297.000000
5044.000000
4920.000000
5010.000000
5083.000000
4979.000000
4982.000000
4954.000000
4922.000000
5036.000000
4955.000000
5358.000000
5000.000000
4980.000000
3562.000000
3219.000000
7827.000000
4406.000000
4999.000000
4482.000000
4741.000000
5320.000000
4984.000000
5240.000000
4954.000000
5077.000000
5003.000000
4922.000000
4900.000000
5034.000000
4981.000000
4880.000000
5298.000000
4970.000000
4874.000000
3739.000000
3182.000000
7707.000000
4491.000000
4988.000000
4550.000000
4825.000000
5265.000000
4920.000000
4973.000000
5323.000000
5065.000000
4957.000000
5020.000000
4895.000000
5038.000000
5072.000000
4773.000000
5408.000000
5108.000000
4878.000000
3755.000000
3231.000000
7766.000000
4639.000000
5057.000000
4493.000000
4725.000000
5249.000000
5016.000000
4964.000000
5019.000000
5044.000000
4989.000000
4911.000000
4920.000000
5008.000000
4931.000000
4898.000000
5323.000000
5031.000000
4981.000000
3711.000000
3316.000000
7898.000000
4272.000000
5074.000000
4582.000000
4686.000000
5352.000000
5005.000000
4952.000000
5048.000000
5041.000000
4915.000000
4946.000000
4889.000000
5115.000000
4859.000000
4919.000000
5430.000000
5009.000000
4994.000000
3776.000000
3166.000000
7856.000000
4370.000000
5048.000000
4456.000000
4759.000000
5340.000000
4837.000000
4953.000000
4946.000000
5210.000000
4910.000000
4790.000000
5072.000000
5048.000000
4868.000000
4960.000000
5367.000000
5076.000000
4958.000000
3869.000000
3131.000000
7710.000000
4417.000000
5508.000000
4547.000000
4865.000000
5387.000000
5083.000000
4947.000000
5028.000000
5171.000000
4923.000000
4884.000000
4889.000000
4996.000000
4990.000000
4762.000000
5461.000000
5007.000000
4930.000000
3672.000000
3348.000000
7914.000000
4366.000000
5161.000000
4455.000000
4726.000000
5370.000000
4972.000000
4968.000000
4998.000000
5081.000000
4962.000000
4803.000000
5098.000000
5012.000000
4959.000000
4754.000000
5438.000000
5026.000000
4951.000000
3851.000000
3162.000000
7633.000000
4432.000000
4921.000000
4462.000000
4848.000000
5272.000000
4917.000000
4994.000000
5330.000000
5082.000000
4854.000000
4910.000000
5112.000000
5003.000000
5011.000000
4932.000000
5428.000000
5084.000000
4849.000000
3838.000000
3224.000000
7481.000000
4374.000000
5164.000000
4404.000000
4797.000000
5256.000000
4997.000000
4974.000000
4910.000000
5171.000000
4976.000000
4985.000000
4954.000000
4918.000000
5082.000000
4938.000000
5330.000000
5038.000000
4969.000000
3688.000000
3317.000000
7917.000000
4279.000000
5253.000000
4417.000000
4761.000000
5276.000000
5014.000000
4855.000000
5016.000000
5098.000000
5066.000000
4900.000000
4630.000000
4857.000000
5035.000000
4547.000000
5345.000000
5106.000000
