25778.000000
51.000000
11833.000000
11154.000000
11412.000000
11300.000000
11174.000000
11476.000000
11449.000000
12127.000000
11996.000000
10746.000000
11441.000000
12003.000000
12115.000000
10829.000000
11809.000000
11098.000000
11407.000000
11202.000000
2599.000000
13028.000000
6009.000000
5195.000000
4984.000000
4862.000000
4676.000000
4882.000000
4882.000000
4754.000000
4843.000000
4943.000000
6995.000000
4887.000000
6557.000000
4869.000000
4754.000000
4868.000000
4683.000000
5094.000000
4948.000000
2532.000000
6184.000000
6126.000000
4935.000000
4682.000000
5128.000000
4850.000000
5143.000000
5079.000000
5075.000000
5092.000000
4821.000000
6181.000000
5011.000000
4976.000000
4949.000000
4295.000000
4631.000000
4877.000000
5306.000000
4788.000000
2526.000000
6744.000000
6070.000000
4938.000000
5016.000000
5017.000000
4844.000000
4994.000000
4925.000000
5067.000000
5015.000000
5011.000000
4692.000000
4963.000000
5068.000000
5091.000000
4572.000000
5340.000000
4954.000000
5445.000000
4858.000000
2544.000000
6547.000000
6355.000000
4702.000000
4653.000000
5092.000000
4842.000000
5061.000000
4983.000000
5023.000000
5083.000000
4720.000000
5177.000000
5062.000000
5018.000000
4993.000000
4321.000000
4972.000000
4845.000000
5368.000000
4764.000000
2542.000000
6654.000000
6230.000000
4826.000000
4806.000000
5179.000000
4817.000000
5000.000000
4979.000000
5015.000000
5050.000000
4826.000000
4592.000000
4990.000000
4990.000000
4992.000000
4460.000000
4970.000000
4923.000000
5063.000000
4743.000000
2520.000000
6566.000000
6229.000000
4751.000000
4828.000000
5119.000000
4838.000000
5018.000000
4908.000000
4993.000000
5080.000000
4877.000000
4619.000000
5001.000000
5014.000000
4980.000000
4538.000000
5282.000000
4954.000000
5030.000000
4752.000000
2555.000000
6672.000000
6144.000000
4713.000000
4808.000000
5118.000000
4798.000000
4987.000000
5930.000000
5061.000000
5046.000000
4801.000000
4736.000000
4907.000000
5342.000000
4860.000000
4658.000000
5198.000000
5030.000000
5022.000000
4785.000000
2459.000000
6662.000000
6561.000000
4671.000000
4825.000000
5093.000000
4863.000000
5073.000000
4945.000000
5113.000000
5030.000000
4820.000000
4813.000000
4998.000000
5022.000000
4872.000000
4427.000000
4936.000000
4964.000000
5096.000000
4786.000000
2535.000000
6719.000000
6162.000000
4669.000000
4993.000000
5095.000000
4780.000000
5021.000000
4926.000000
4985.000000
4995.000000
4863.000000
4534.000000
5146.000000
4996.000000
4870.000000
4788.000000
4924.000000
4904.000000
5075.000000
4706.000000
2430.000000
6727.000000
6161.000000
4764.000000
5010.000000
4967.000000
4822.000000
4972.000000
4962.000000
4991.000000
5056.000000
4702.000000
4651.000000
5070.000000
4965.000000
4969.000000
4366.000000
4949.000000
5039.000000
5139.000000
4734.000000
2459.000000
6645.000000
6249.000000
4642.000000
4924.000000
5055.000000
4945.000000
4964.000000
4945.000000
5034.000000
5145.000000
4705.000000
4561.000000
5031.000000
5022.000000
4790.000000
4459.000000
4942.000000
4903.000000
5394.000000
4772.000000
2469.000000
6718.000000
6194.000000
4668.000000
4913.000000
5185.000000
4866.000000
4989.000000
4965.000000
5046.000000
5138.000000
4727.000000
4545.000000
4988.000000
4931.000000
4938.000000
4726.000000
4940.000000
4834.000000
5428.000000
4770.000000
2482.000000
6761.000000
6193.000000
4628.000000
4883.000000
5061.000000
4879.000000
4999.000000
4996.000000
5063.000000
5031.000000
4790.000000
4794.000000
5107.000000
5078.000000
4804.000000
4765.000000
4905.000000
4915.000000
5290.000000
4899.000000
2432.000000
6736.000000
5805.000000
4729.000000
4983.000000
5125.000000
4884.000000
5030.000000
4972.000000
5112.000000
5063.000000
4846.000000
4901.000000
5172.000000
5027.000000
4985.000000
4379.000000
4973.000000
4886.000000
5128.000000
4880.000000
2520.000000
6774.000000
6271.000000
4834.000000
4967.000000
5149.000000
4871.000000
5058.000000
4998.000000
5015.000000
5170.000000
4823.000000
4966.000000
5038.000000
5177.000000
5098.000000
4428.000000
5132.000000
4995.000000
5119.000000
4870.000000
2540.000000
6769.000000
6281.000000
5080.000000
4916.000000
5029.000000
4873.000000
5074.000000
4905.000000
5023.000000
5129.000000
4913.000000
4955.000000
5120.000000
4959.000000
5050.000000
4815.000000
5020.000000
4890.000000
5138.000000
4796.000000
2521.000000
6737.000000
6135.000000
5341.000000
5026.000000
5135.000000
4902.000000
5044.000000
4969.000000
5030.000000
5111.000000
5127.000000
4941.000000
5190.000000
4992.000000
5059.000000
4863.000000
5017.000000
4964.000000
5032.000000
4826.000000
2452.000000
6790.000000
6229.000000
5080.000000
4882.000000
5081.000000
4860.000000
4996.000000
4977.000000
4957.000000
5092.000000
5084.000000
4954.000000
5086.000000
4912.000000
5015.000000
4800.000000
4499.000000
5148.000000
5052.000000
4813.000000
2471.000000
6682.000000
6093.000000
5223.000000
4853.000000
5073.000000
4783.000000
4989.000000
5272.000000
5090.000000
5212.000000
5016.000000
5029.000000
5007.000000
4947.000000
5289.000000
4769.000000
4988.000000
5188.000000
5026.000000
4743.000000
2412.000000
6644.000000
6206.000000
5056.000000
4877.000000
5024.000000
4725.000000
5072.000000
5237.000000
5074.000000
5092.000000
5118.000000
5052.000000
5126.000000
5013.000000
5035.000000
4766.000000
4941.000000
5170.000000
5048.000000
4775.000000
2458.000000
6572.000000
6269.000000
5070.000000
4883.000000
5049.000000
4864.000000
5007.000000
5227.000000
5059.000000
5076.000000
5040.000000
5006.000000
5190.000000
5032.000000
4978.000000
4690.000000
5409.000000
4913.000000
5009.000000
4663.000000
2597.000000
6704.000000
6094.000000
5507.000000
4885.000000
5046.000000
4853.000000
5003.000000
5230.000000
5034.000000
5037.000000
5104.000000
4765.000000
5127.000000
4958.000000
5122.000000
4928.000000
5024.000000
4960.000000
5124.000000
4915.000000
2569.000000
6727.000000
6248.000000
5170.000000
4885.000000
5112.000000
4875.000000
5023.000000
4980.000000
5063.000000
5300.000000
4952.000000
4779.000000
5122.000000
5042.000000
5109.000000
4808.000000
4971.000000
5158.000000
5121.000000
4854.000000
2434.000000
6696.000000
6232.000000
4976.000000
4871.000000
5135.000000
4805.000000
5027.000000
4965.000000
4995.000000
4901.000000
5026.000000
4778.000000
5056.000000
5042.000000
5029.000000
4788.000000
4965.000000
4923.000000
5075.000000
4789.000000
2476.000000
6704.000000
6196.000000
5061.000000
4875.000000
5076.000000
4848.000000
4969.000000
4970.000000
5022.000000
5200.000000
5120.000000
4708.000000
5031.000000
5069.000000
5054.000000
4735.000000
4941.000000
4827.000000
5062.000000
4705.000000
2638.000000
6303.000000
6079.000000
5129.000000
4831.000000
5036.000000
4819.000000
5046.000000
4950.000000
4968.000000
5070.000000
5120.000000
4774.000000
5120.000000
4958.000000
5031.000000
4716.000000
5299.000000
4883.000000
5045.000000
4746.000000
2563.000000
6207.000000
6272.000000
5385.000000
5926.000000
5053.000000
4891.000000
4993.000000
4878.000000
4970.000000
5264.000000
5226.000000
4676.000000
5066.000000
5012.000000
4931.000000
4839.000000
4484.000000
4828.000000
4762.000000
4718.000000
2557.000000
6291.000000
6131.000000
5154.000000
4885.000000
5087.000000
4874.000000
5014.000000
5058.000000
5029.000000
5079.000000
5039.000000
4869.000000
5113.000000
4968.000000
5052.000000
4837.000000
4343.000000
5098.000000
4679.000000
4722.000000
2437.000000
6111.000000
6099.000000
5133.000000
4798.000000
5015.000000
4936.000000
5004.000000
4970.000000
4993.000000
5057.000000
5077.000000
4888.000000
5066.000000
4972.000000
5036.000000
4914.000000
4939.000000
4935.000000
4551.000000
4794.000000
2462.000000
6242.000000
6411.000000
5455.000000
4910.000000
5030.000000
4907.000000
5067.000000
4942.000000
5042.000000
5028.000000
5117.000000
4867.000000
5092.000000
5065.000000
5120.000000
4820.000000
4610.000000
4984.000000
4610.000000
4887.000000
2529.000000
6264.000000
6214.000000
5085.000000
4911.000000
5066.000000
4889.000000
5061.000000
4999.000000
5438.000000
5296.000000
5068.000000
4711.000000
5417.000000
5107.000000
5501.000000
4854.000000
5031.000000
4870.000000
4586.000000
4765.000000
2544.000000
6183.000000
6048.000000
5162.000000
4802.000000
5050.000000
4736.000000
5014.000000
4950.000000
5013.000000
5125.000000
5136.000000
4668.000000
5374.000000
5027.000000
5026.000000
4792.000000
4974.000000
4846.000000
4655.000000
4687.000000
2503.000000
6141.000000
6216.000000
5034.000000
4775.000000
5015.000000
4900.000000
4964.000000
4983.000000
4925.000000
5089.000000
5020.000000
4755.000000
5302.000000
4971.000000
4944.000000
4837.000000
4981.000000
4884.000000
4473.000000
4824.000000
2485.000000
6258.000000
6138.000000
5049.000000
4844.000000
4984.000000
4868.000000
4942.000000
4896.000000
4997.000000
5017.000000
5244.000000
4697.000000
5303.000000
4992.000000
4972.000000
5018.000000
4987.000000
4868.000000
4544.000000
4825.000000
2456.000000
6250.000000
6168.000000
5313.000000
4917.000000
5043.000000
4892.000000
4949.000000
4956.000000
5005.000000
5104.000000
5016.000000
4829.000000
5049.000000
5024.000000
4996.000000
5007.000000
4944.000000
4922.000000
4515.000000
4691.000000
2511.000000
6602.000000
6244.000000
5078.000000
4880.000000
5066.000000
4757.000000
4986.000000
4959.000000
5001.000000
5042.000000
5207.000000
4722.000000
4992.000000
4919.000000
5319.000000
4795.000000
4552.000000
4882.000000
4555.000000
4725.000000
2500.000000
6734.000000
6066.000000
5177.000000
4817.000000
5033.000000
4921.000000
4964.000000
5013.000000
5018.000000
5060.000000
5491.000000
4729.000000
4955.000000
4843.000000
4918.000000
4925.000000
4503.000000
4865.000000
4561.000000
4734.000000
2485.000000
6666.000000
6450.000000
5087.000000
4796.000000
5117.000000
4822.000000
4932.000000
4997.000000
5027.000000
5035.000000
5426.000000
4637.000000
4992.000000
4911.000000
4967.000000
4818.000000
4446.000000
4847.000000
4646.000000
4786.000000
2448.000000
6724.000000
6046.000000
5391.000000
4928.000000
5073.000000
4863.000000
5002.000000
5030.000000
5007.000000
5034.000000
5451.000000
4786.000000
4994.000000
4910.000000
5050.000000
4799.000000
4587.000000
4901.000000
4500.000000
4820.000000
2448.000000
6563.000000
6197.000000
5214.000000
4809.000000
5007.000000
4892.000000
4953.000000
4942.000000
4987.000000
5068.000000
5437.000000
4713.000000
4959.000000
4994.000000
5288.000000
4734.000000
4480.000000
4868.000000
4550.000000
4753.000000
2509.000000
6689.000000
6135.000000
5170.000000
4786.000000
5022.000000
4861.000000
5028.000000
4973.000000
5022.000000
5085.000000
5441.000000
4754.000000
5013.000000
4928.000000
4937.000000
4923.000000
4408.000000
4894.000000
4566.000000
4771.000000
2440.000000
6710.000000
6135.000000
4942.000000
4973.000000
5021.000000
4840.000000
5021.000000
4929.000000
5043.000000
5071.000000
5302.000000
4895.000000
5052.000000
4921.000000
5018.000000
4889.000000
4433.000000
5192.000000
4576.000000
4897.000000
2555.000000
6801.000000
6229.000000
5109.000000
4880.000000
5017.000000
4824.000000
5016.000000
4899.000000
5005.000000
5062.000000
5429.000000
4699.000000
4965.000000
4874.000000
5410.000000
4762.000000
4412.000000
4896.000000
4537.000000
4718.000000
2550.000000
6722.000000
6167.000000
5130.000000
4821.000000
5028.000000
4834.000000
5022.000000
4991.000000
5026.000000
5013.000000
5406.000000
4752.000000
5097.000000
4965.000000
4988.000000
4709.000000
4385.000000
4855.000000
4513.000000
4816.000000
2443.000000
6669.000000
6085.000000
5453.000000
4876.000000
5011.000000
4798.000000
5066.000000
4956.000000
5094.000000
5155.000000
5404.000000
4824.000000
4992.000000
4987.000000
4987.000000
4656.000000
4310.000000
5002.000000
4545.000000
4746.000000
2475.000000
6619.000000
6235.000000
5057.000000
4891.000000
5065.000000
4796.000000
4991.000000
4968.000000
5035.000000
5172.000000
5404.000000
4709.000000
5028.000000
4956.000000
5167.000000
4843.000000
4472.000000
4924.000000
4563.000000
4671.000000
2475.000000
6760.000000
6149.000000
4999.000000
4964.000000
5036.000000
4861.000000
4676.000000
4893.000000
4992.000000
4731.000000
5419.000000
4768.000000
