23825.000000
47.000000
11776.000000
11161.000000
11393.000000
11413.000000
11215.000000
11468.000000
11309.000000
12186.000000
11643.000000
11172.000000
11380.000000
12015.000000
11998.000000
10967.000000
11632.000000
11384.000000
11112.000000
2116.000000
20592.000000
5293.000000
4965.000000
5321.000000
4847.000000
4657.000000
4938.000000
4673.000000
5006.000000
4590.000000
4869.000000
4962.000000
7081.000000
4840.000000
8900.000000
4773.000000
2568.000000
4812.000000
4667.000000
5145.000000
2037.000000
8072.000000
4641.000000
5323.000000
4502.000000
4922.000000
4911.000000
4982.000000
5203.000000
5046.000000
5015.000000
5074.000000
4744.000000
6330.000000
4947.000000
5048.000000
4900.000000
4348.000000
4406.000000
5145.000000
5270.000000
1850.000000
8098.000000
5066.000000
5255.000000
4699.000000
5028.000000
4960.000000
4963.000000
4961.000000
4956.000000
4910.000000
5171.000000
4949.000000
4768.000000
4933.000000
5125.000000
4933.000000
4561.000000
5427.000000
5033.000000
5321.000000
1999.000000
8129.000000
5112.000000
5286.000000
4450.000000
4817.000000
4996.000000
4921.000000
5008.000000
5033.000000
4945.000000
5003.000000
4703.000000
5234.000000
5121.000000
5162.000000
4749.000000
4347.000000
4953.000000
5017.000000
5343.000000
1801.000000
8130.000000
5099.000000
5204.000000
4676.000000
4966.000000
5022.000000
5000.000000
4930.000000
5003.000000
4830.000000
5232.000000
4664.000000
4726.000000
4938.000000
5117.000000
4919.000000
4339.000000
4967.000000
4980.000000
5065.000000
1831.000000
8107.000000
5054.000000
5247.000000
4595.000000
4884.000000
5026.000000
4963.000000
4905.000000
4967.000000
4949.000000
5109.000000
4660.000000
4889.000000
4874.000000
5198.000000
4793.000000
4584.000000
5239.000000
5060.000000
4888.000000
1981.000000
8119.000000
4923.000000
5180.000000
4510.000000
5032.000000
5060.000000
4844.000000
4978.000000
5929.000000
5017.000000
5110.000000
4704.000000
4799.000000
4967.000000
5415.000000
4842.000000
4602.000000
5177.000000
5017.000000
4994.000000
1936.000000
8050.000000
5050.000000
5599.000000
4538.000000
4854.000000
4947.000000
4995.000000
5000.000000
4998.000000
5009.000000
5170.000000
4665.000000
4935.000000
4888.000000
5098.000000
4922.000000
4313.000000
5005.000000
5010.000000
5014.000000
1911.000000
8234.000000
5111.000000
5242.000000
4451.000000
4921.000000
5067.000000
4946.000000
4932.000000
4931.000000
4949.000000
5084.000000
4594.000000
4863.000000
5016.000000
5093.000000
4834.000000
4588.000000
4961.000000
4991.000000
5058.000000
1879.000000
8088.000000
5017.000000
5171.000000
4609.000000
5099.000000
4771.000000
5073.000000
4888.000000
4950.000000
4950.000000
5117.000000
4594.000000
4767.000000
4949.000000
5138.000000
4939.000000
4240.000000
4961.000000
5290.000000
4953.000000
1813.000000
8156.000000
5043.000000
5214.000000
4487.000000
4964.000000
4969.000000
5066.000000
4822.000000
5042.000000
5009.000000
5121.000000
4634.000000
4711.000000
4932.000000
5030.000000
4895.000000
4250.000000
5031.000000
5063.000000
5319.000000
1883.000000
8026.000000
5140.000000
5151.000000
4590.000000
5043.000000
4970.000000
5073.000000
4897.000000
4894.000000
5150.000000
5091.000000
4620.000000
4617.000000
4954.000000
5235.000000
4752.000000
4641.000000
4958.000000
4920.000000
5355.000000
1874.000000
8198.000000
5026.000000
5237.000000
4414.000000
5080.000000
4927.000000
4914.000000
5007.000000
5034.000000
4997.000000
5020.000000
4741.000000
5035.000000
4922.000000
5123.000000
4890.000000
4604.000000
4908.000000
5029.000000
5241.000000
1955.000000
8173.000000
5033.000000
4759.000000
4653.000000
4941.000000
5127.000000
5053.000000
4914.000000
5020.000000
5045.000000
5058.000000
4775.000000
5119.000000
4939.000000
5248.000000
4884.000000
4269.000000
4917.000000
5062.000000
5007.000000
2072.000000
8232.000000
5052.000000
5255.000000
4785.000000
4984.000000
5038.000000
5029.000000
4982.000000
5007.000000
4960.000000
5266.000000
4661.000000
5165.000000
5037.000000
5217.000000
5025.000000
4393.000000
5032.000000
5132.000000
5036.000000
1960.000000
8271.000000
5062.000000
5166.000000
5012.000000
5032.000000
4960.000000
5011.000000
4976.000000
4938.000000
4966.000000
5151.000000
4732.000000
5236.000000
4975.000000
5078.000000
4935.000000
4852.000000
4953.000000
4925.000000
5152.000000
1956.000000
8061.000000
5166.000000
5072.000000
5382.000000
4941.000000
5141.000000
4895.000000
5041.000000
4999.000000
4972.000000
5183.000000
5043.000000
5014.000000
5141.000000
5113.000000
4999.000000
4679.000000
4952.000000
5247.000000
4941.000000
1963.000000
8120.000000
5075.000000
5191.000000
5014.000000
4958.000000
4889.000000
5003.000000
4985.000000
4981.000000
4986.000000
5100.000000
4992.000000
5057.000000
4950.000000
5050.000000
4972.000000
4800.000000
4448.000000
5290.000000
4999.000000
1883.000000
8121.000000
5040.000000
5268.000000
4931.000000
4926.000000
4948.000000
4893.000000
4941.000000
5240.000000
5074.000000
5220.000000
5012.000000
5212.000000
4786.000000
4996.000000
5351.000000
4684.000000
4958.000000
5376.000000
4900.000000
1843.000000
8134.000000
4926.000000
5183.000000
5064.000000
4753.000000
5003.000000
4995.000000
4818.000000
5365.000000
4874.000000
5229.000000
4973.000000
5177.000000
5099.000000
5052.000000
5019.000000
4813.000000
4827.000000
5274.000000
4906.000000
2012.000000
8040.000000
5086.000000
5148.000000
4976.000000
4939.000000
4957.000000
4899.000000
5017.000000
5287.000000
4856.000000
5179.000000
5123.000000
5109.000000
5055.000000
5056.000000
4980.000000
4628.000000
5408.000000
4931.000000
5010.000000
1837.000000
8132.000000
5117.000000
5171.000000
5204.000000
5036.000000
4853.000000
5104.000000
4906.000000
5197.000000
5006.000000
5121.000000
5024.000000
4836.000000
5004.000000
5162.000000
5116.000000
4783.000000
4998.000000
5192.000000
5008.000000
1974.000000
8243.000000
5067.000000
5240.000000
5122.000000
4900.000000
4983.000000
4928.000000
4950.000000
5106.000000
4991.000000
5080.000000
5161.000000
4744.000000
5109.000000
5202.000000
5024.000000
4685.000000
5020.000000
5292.000000
5023.000000
1987.000000
8137.000000
5070.000000
5091.000000
5082.000000
4810.000000
5009.000000
4995.000000
4865.000000
4961.000000
4958.000000
4958.000000
5034.000000
4814.000000
5040.000000
5093.000000
4881.000000
4865.000000
4815.000000
5178.000000
5025.000000
1866.000000
8210.000000
4932.000000
5164.000000
4973.000000
4900.000000
5042.000000
4980.000000
4898.000000
5009.000000
4965.000000
5267.000000
4982.000000
4800.000000
4939.000000
5210.000000
5045.000000
4649.000000
4925.000000
4871.000000
5026.000000
1930.000000
8221.000000
4494.000000
5325.000000
4873.000000
4844.000000
4966.000000
4983.000000
4868.000000
4961.000000
5017.000000
5138.000000
5039.000000
4862.000000
5080.000000
5070.000000
4871.000000
4791.000000
5247.000000
4990.000000
4994.000000
1858.000000
8180.000000
4547.000000
5288.000000
5235.000000
6001.000000
4954.000000
4976.000000
4875.000000
5014.000000
4913.000000
5428.000000
5023.000000
4724.000000
4987.000000
5205.000000
4870.000000
4804.000000
4378.000000
5107.000000
4525.000000
1905.000000
8115.000000
4681.000000
5162.000000
5120.000000
4807.000000
4994.000000
5100.000000
4914.000000
5107.000000
4985.000000
5072.000000
4943.000000
4999.000000
5038.000000
5077.000000
4947.000000
4854.000000
4232.000000
5396.000000
4476.000000
1864.000000
8109.000000
4501.000000
5080.000000
5013.000000
4698.000000
4984.000000
5117.000000
4834.000000
5020.000000
4986.000000
5158.000000
4892.000000
4969.000000
5148.000000
5067.000000
5006.000000
4781.000000
4938.000000
4911.000000
4554.000000
1927.000000
8035.000000
4542.000000
5594.000000
5322.000000
4907.000000
4954.000000
5049.000000
4975.000000
4978.000000
4996.000000
5068.000000
5016.000000
4999.000000
5027.000000
5182.000000
5003.000000
4848.000000
4574.000000
5061.000000
4516.000000
1991.000000
8152.000000
4606.000000
5258.000000
4895.000000
5037.000000
4997.000000
5025.000000
4970.000000
5030.000000
5412.000000
5248.000000
5142.000000
4673.000000
5451.000000
5116.000000
5508.000000
4798.000000
4988.000000
4997.000000
4503.000000
1913.000000
8201.000000
4480.000000
5143.000000
4947.000000
4890.000000
4947.000000
4994.000000
4824.000000
5062.000000
4930.000000
5204.000000
4894.000000
4777.000000
5417.000000
5042.000000
4992.000000
4756.000000
4918.000000
5053.000000
4514.000000
1825.000000
8191.000000
4489.000000
5127.000000
5015.000000
4830.000000
4840.000000
5004.000000
4901.000000
5029.000000
4874.000000
5108.000000
5008.000000
4826.000000
5229.000000
5008.000000
4984.000000
4683.000000
5036.000000
5019.000000
4441.000000
1890.000000
8215.000000
4465.000000
5140.000000
5051.000000
4823.000000
4892.000000
5044.000000
4814.000000
4972.000000
4912.000000
5119.000000
5058.000000
4821.000000
5324.000000
5086.000000
4916.000000
4930.000000
4969.000000
4985.000000
4386.000000
2003.000000
8179.000000
4480.000000
5098.000000
5385.000000
4851.000000
4911.000000
5055.000000
4911.000000
5015.000000
4854.000000
5230.000000
4965.000000
4869.000000
5034.000000
5084.000000
4907.000000
5043.000000
4888.000000
5077.000000
4416.000000
1828.000000
8170.000000
5010.000000
5181.000000
4913.000000
4930.000000
4991.000000
4926.000000
4953.000000
4840.000000
4984.000000
5248.000000
4947.000000
4824.000000
4937.000000
5022.000000
5350.000000
4659.000000
4480.000000
5143.000000
4356.000000
1878.000000
8130.000000
5019.000000
5204.000000
4988.000000
4952.000000
4864.000000
5122.000000
4843.000000
4973.000000
5009.000000
5064.000000
5485.000000
4862.000000
4867.000000
4915.000000
4870.000000
4800.000000
4503.000000
5058.000000
4474.000000
1853.000000
8053.000000
5085.000000
5490.000000
4822.000000
4941.000000
5035.000000
5011.000000
4805.000000
4994.000000
4916.000000
5118.000000
5416.000000
4817.000000
4812.000000
4952.000000
4994.000000
4792.000000
4233.000000
5158.000000
4504.000000
1962.000000
8004.000000
5128.000000
5128.000000
5218.000000
5008.000000
4874.000000
4989.000000
5009.000000
4971.000000
4998.000000
5061.000000
5446.000000
4881.000000
4913.000000
4970.000000
5053.000000
4699.000000
4539.000000
5071.000000
4379.000000
1972.000000
8047.000000
5006.000000
5187.000000
4978.000000
5020.000000
4928.000000
4864.000000
4944.000000
4975.000000
4925.000000
4988.000000
5438.000000
4963.000000
4882.000000
4926.000000
5374.000000
4704.000000
4343.000000
5040.000000
4437.000000
1875.000000
8135.000000
4960.000000
5326.000000
4932.000000
4827.000000
4953.000000
5009.000000
4887.000000
5092.000000
4870.000000
5192.000000
5390.000000
4890.000000
4924.000000
5022.000000
4892.000000
4823.000000
4262.000000
5171.000000
4344.000000
2031.000000
8114.000000
4925.000000
5221.000000
4862.000000
5032.000000
4809.000000
5064.000000
4937.000000
5027.000000
4955.000000
5100.000000
5336.000000
4833.000000
4997.000000
5031.000000
5036.000000
4689.000000
4438.000000
5456.000000
4367.000000
2091.000000
8129.000000
5213.000000
5182.000000
4983.000000
5003.000000
4915.000000
4945.000000
4950.000000
4883.000000
4976.000000
5078.000000
5362.000000
4864.000000
4868.000000
5009.000000
5348.000000
4664.000000
4314.000000
5123.000000
4420.000000
1884.000000
8082.000000
5152.000000
5260.000000
4889.000000
4906.000000
4841.000000
5061.000000
4951.000000
4994.000000
4985.000000
5055.000000
5373.000000
4727.000000
5143.000000
4890.000000
5103.000000
4644.000000
4303.000000
5101.000000
4310.000000
1973.000000
8136.000000
5022.000000
5108.000000
5267.000000
4966.000000
4882.000000
4956.000000
4983.000000
4915.000000
5095.000000
5087.000000
5500.000000
4870.000000
4845.000000
5139.000000
4974.000000
4577.000000
4345.000000
5111.000000
4437.000000
1847.000000
8147.000000
4907.000000
5184.000000
5103.000000
4909.000000
4953.000000
5017.000000
4815.000000
5065.000000
4981.000000
5117.000000
5373.000000
4804.000000
4958.000000
5024.000000
5204.000000
4747.000000
4373.000000
5121.000000
4431.000000
1880.000000
8109.000000
5073.000000
5072.000000
5051.000000
4980.000000
4886.000000
5015.000000
4535.000000
4936.000000
4939.000000
4767.000000
5386.000000
4865.000000
