24058.000000
44.000000
11793.000000
12565.000000
11430.000000
11395.000000
11453.000000
11200.000000
11391.000000
10619.000000
11859.000000
12593.000000
11225.000000
1629.000000
13816.000000
19605.000000
11592.000000
11426.000000
11193.000000
11166.000000
11390.000000
6968.000000
2493.000000
7341.000000
5280.000000
2604.000000
4752.000000
7105.000000
2633.000000
4675.000000
4627.000000
4946.000000
7273.000000
7045.000000
1313.000000
6603.000000
5969.000000
4860.000000
4860.000000
5082.000000
4883.000000
7321.000000
2408.000000
5102.000000
4709.000000
4928.000000
5116.000000
4971.000000
4971.000000
5137.000000
5079.000000
4924.000000
4687.000000
6534.000000
4933.000000
1950.000000
6743.000000
5594.000000
4548.000000
5016.000000
5314.000000
4688.000000
5327.000000
5083.000000
4881.000000
4916.000000
5087.000000
4997.000000
4950.000000
4814.000000
5069.000000
5003.000000
4855.000000
4913.000000
4999.000000
4935.000000
1975.000000
6791.000000
5881.000000
5310.000000
5005.000000
5464.000000
4786.000000
5407.000000
4979.000000
5016.000000
4689.000000
4908.000000
4942.000000
4907.000000
5057.000000
4896.000000
5021.000000
4922.000000
4564.000000
5666.000000
4860.000000
2049.000000
6650.000000
5740.000000
4918.000000
4997.000000
5213.000000
4834.000000
5260.000000
5095.000000
4972.000000
4747.000000
5028.000000
5024.000000
4976.000000
4997.000000
4917.000000
5077.000000
4865.000000
4577.000000
4956.000000
5032.000000
1897.000000
6720.000000
5688.000000
5006.000000
4979.000000
5030.000000
4749.000000
5274.000000
4999.000000
4943.000000
4599.000000
5133.000000
5023.000000
4878.000000
5157.000000
4792.000000
5084.000000
4844.000000
4794.000000
4994.000000
4983.000000
1903.000000
6655.000000
5931.000000
5274.000000
4980.000000
4996.000000
4702.000000
5354.000000
4970.000000
4901.000000
4664.000000
5077.000000
4908.000000
5018.000000
5001.000000
5916.000000
5009.000000
4840.000000
4752.000000
5051.000000
4828.000000
2149.000000
6862.000000
5831.000000
5325.000000
5014.000000
4884.000000
4701.000000
5366.000000
4978.000000
5366.000000
4630.000000
5047.000000
4979.000000
4956.000000
5034.000000
4981.000000
5049.000000
4935.000000
4639.000000
5114.000000
5035.000000
1896.000000
6735.000000
5620.000000
5007.000000
4968.000000
5048.000000
4658.000000
5455.000000
5033.000000
4975.000000
4691.000000
5043.000000
4919.000000
4986.000000
4986.000000
4896.000000
5011.000000
4843.000000
4641.000000
4988.000000
4913.000000
2075.000000
6618.000000
5949.000000
4993.000000
4935.000000
5150.000000
4686.000000
5240.000000
5038.000000
4823.000000
4895.000000
5073.000000
4942.000000
4805.000000
5069.000000
4842.000000
4995.000000
4827.000000
4772.000000
4906.000000
4911.000000
2052.000000
6641.000000
5750.000000
4921.000000
5166.000000
4959.000000
4741.000000
5256.000000
5086.000000
4954.000000
4542.000000
5227.000000
5012.000000
4927.000000
4989.000000
4931.000000
5046.000000
4851.000000
4657.000000
4840.000000
4991.000000
2020.000000
6540.000000
5627.000000
4925.000000
5198.000000
5328.000000
4673.000000
5336.000000
4927.000000
5064.000000
4516.000000
5267.000000
5029.000000
4897.000000
5007.000000
4859.000000
5187.000000
4764.000000
4639.000000
5010.000000
4933.000000
1988.000000
6678.000000
5900.000000
4972.000000
4854.000000
5380.000000
4798.000000
5303.000000
4960.000000
4935.000000
4582.000000
5243.000000
4930.000000
4953.000000
4902.000000
5086.000000
5077.000000
4813.000000
4713.000000
5103.000000
4937.000000
2106.000000
6797.000000
5809.000000
4935.000000
4877.000000
5482.000000
4712.000000
5325.000000
5006.000000
4465.000000
4892.000000
5120.000000
5050.000000
4825.000000
5134.000000
4959.000000
5012.000000
4868.000000
4857.000000
5218.000000
5107.000000
1976.000000
6760.000000
5699.000000
4982.000000
4964.000000
5112.000000
4780.000000
5260.000000
5189.000000
4988.000000
4816.000000
5191.000000
4963.000000
5089.000000
5042.000000
4991.000000
4968.000000
5019.000000
4692.000000
5259.000000
5134.000000
1973.000000
6906.000000
5750.000000
4985.000000
5094.000000
5139.000000
4720.000000
5462.000000
5012.000000
5011.000000
5067.000000
5167.000000
4997.000000
4935.000000
5061.000000
4898.000000
4911.000000
4988.000000
4847.000000
5354.000000
5025.000000
1868.000000
6848.000000
6045.000000
5013.000000
4935.000000
5170.000000
4688.000000
5264.000000
5082.000000
4901.000000
5488.000000
5173.000000
4991.000000
5079.000000
5006.000000
4843.000000
5095.000000
4876.000000
4999.000000
5411.000000
5039.000000
2004.000000
6827.000000
6105.000000
4995.000000
5094.000000
4981.000000
4761.000000
5321.000000
4999.000000
5107.000000
5000.000000
5167.000000
4941.000000
4912.000000
4899.000000
5055.000000
4997.000000
4856.000000
4983.000000
5377.000000
4839.000000
2078.000000
6663.000000
5931.000000
4572.000000
5354.000000
4979.000000
4764.000000
5201.000000
5133.000000
4948.000000
5031.000000
5073.000000
4861.000000
4904.000000
5086.000000
5162.000000
5060.000000
5095.000000
5024.000000
5254.000000
4885.000000
2020.000000
7040.000000
6050.000000
4958.000000
5309.000000
4838.000000
4702.000000
5213.000000
5105.000000
4906.000000
5012.000000
5055.000000
4931.000000
4999.000000
4995.000000
5188.000000
4968.000000
4904.000000
5135.000000
5374.000000
4941.000000
2010.000000
6762.000000
6158.000000
4874.000000
5324.000000
5011.000000
4696.000000
5248.000000
5037.000000
4903.000000
5018.000000
5130.000000
4979.000000
4816.000000
5083.000000
5350.000000
4915.000000
4949.000000
5023.000000
5287.000000
5002.000000
2037.000000
6838.000000
5938.000000
5337.000000
5046.000000
4837.000000
4811.000000
5241.000000
5119.000000
4950.000000
5373.000000
5085.000000
4947.000000
4864.000000
4926.000000
5391.000000
4980.000000
4806.000000
5097.000000
4969.000000
5143.000000
1933.000000
6862.000000
6103.000000
5082.000000
5175.000000
5021.000000
4770.000000
5329.000000
5145.000000
5032.000000
5083.000000
5043.000000
5022.000000
5077.000000
5049.000000
4827.000000
5115.000000
4975.000000
5017.000000
5117.000000
5061.000000
1986.000000
6891.000000
6032.000000
4980.000000
5323.000000
5028.000000
4869.000000
5149.000000
5003.000000
4943.000000
5127.000000
5003.000000
5018.000000
4863.000000
4933.000000
5056.000000
4967.000000
4754.000000
4968.000000
4930.000000
5226.000000
1916.000000
6798.000000
6042.000000
4954.000000
4940.000000
5025.000000
4870.000000
5243.000000
5036.000000
4934.000000
5056.000000
5118.000000
4983.000000
4884.000000
4985.000000
4991.000000
4975.000000
5026.000000
4999.000000
5011.000000
4990.000000
2009.000000
6913.000000
5921.000000
4963.000000
4949.000000
4993.000000
4676.000000
5441.000000
4608.000000
4826.000000
5073.000000
5087.000000
4884.000000
4986.000000
4991.000000
4934.000000
4993.000000
4914.000000
5015.000000
4979.000000
5109.000000
1971.000000
6690.000000
5966.000000
5443.000000
4896.000000
4939.000000
4753.000000
5410.000000
4563.000000
4989.000000
5425.000000
6098.000000
4922.000000
4885.000000
5057.000000
4877.000000
4853.000000
5287.000000
5017.000000
5054.000000
4973.000000
1925.000000
6632.000000
6149.000000
4430.000000
5028.000000
4709.000000
4680.000000
5217.000000
4634.000000
4879.000000
5186.000000
5132.000000
5047.000000
4945.000000
4989.000000
5073.000000
5002.000000
4842.000000
4983.000000
5143.000000
5177.000000
1833.000000
6809.000000
6118.000000
4296.000000
5275.000000
4581.000000
4587.000000
5238.000000
4597.000000
4874.000000
4998.000000
5084.000000
4966.000000
4833.000000
5129.000000
4877.000000
5030.000000
4945.000000
4866.000000
5198.000000
4993.000000
2060.000000
6861.000000
6055.000000
4975.000000
5009.000000
4449.000000
4782.000000
5343.000000
4538.000000
5171.000000
5415.000000
5045.000000
4970.000000
4976.000000
5073.000000
4924.000000
4997.000000
4890.000000
4912.000000
5234.000000
5009.000000
2135.000000
6774.000000
6080.000000
4746.000000
4944.000000
4729.000000
4698.000000
5404.000000
4636.000000
4857.000000
5156.000000
5134.000000
4960.000000
4943.000000
4965.000000
4996.000000
5488.000000
5060.000000
4939.000000
5191.000000
5407.000000
1963.000000
7201.000000
6124.000000
4954.000000
5073.000000
4520.000000
4847.000000
5331.000000
4503.000000
4813.000000
5037.000000
5083.000000
4819.000000
4921.000000
4995.000000
5015.000000
5009.000000
4932.000000
4944.000000
5029.000000
5236.000000
2063.000000
6770.000000
5948.000000
5073.000000
4988.000000
4571.000000
4677.000000
5196.000000
4571.000000
4945.000000
4977.000000
5045.000000
5025.000000
4892.000000
5019.000000
4884.000000
4918.000000
4968.000000
4897.000000
5108.000000
5252.000000
1937.000000
6698.000000
5928.000000
5009.000000
5010.000000
4503.000000
4747.000000
5212.000000
4583.000000
4923.000000
4922.000000
5135.000000
4942.000000
5006.000000
4815.000000
4977.000000
5002.000000
4971.000000
4973.000000
5094.000000
5152.000000
2054.000000
6657.000000
6237.000000
5013.000000
5018.000000
4538.000000
4615.000000
5331.000000
4510.000000
4954.000000
5386.000000
4954.000000
5001.000000
5027.000000
4936.000000
4961.000000
4961.000000
4983.000000
4907.000000
4994.000000
5173.000000
2004.000000
6676.000000
6250.000000
4966.000000
5026.000000
4405.000000
4754.000000
5262.000000
5096.000000
4879.000000
4944.000000
5076.000000
5129.000000
4827.000000
4978.000000
4952.000000
4981.000000
4966.000000
4971.000000
5048.000000
4905.000000
1950.000000
6998.000000
6031.000000
4479.000000
5119.000000
4517.000000
4706.000000
5287.000000
4981.000000
5002.000000
5019.000000
4979.000000
5016.000000
5059.000000
4937.000000
4967.000000
4988.000000
4960.000000
5369.000000
5065.000000
4772.000000
1997.000000
6548.000000
6050.000000
4564.000000
5014.000000
4416.000000
4696.000000
5354.000000
5033.000000
5240.000000
4955.000000
5020.000000
5078.000000
4970.000000
4894.000000
4905.000000
5042.000000
4786.000000
5439.000000
4929.000000
4982.000000
1943.000000
6640.000000
5962.000000
4459.000000
4918.000000
4673.000000
4639.000000
5258.000000
5161.000000
4870.000000
5303.000000
5151.000000
5005.000000
4936.000000
4977.000000
5037.000000
4964.000000
4888.000000
5292.000000
5012.000000
5115.000000
1890.000000
6766.000000
6080.000000
4550.000000
5030.000000
4466.000000
4792.000000
5178.000000
5022.000000
4976.000000
5038.000000
4977.000000
5030.000000
4854.000000
4924.000000
4929.000000
5092.000000
4781.000000
5433.000000
5003.000000
4853.000000
2093.000000
6914.000000
5970.000000
4390.000000
5095.000000
4530.000000
4570.000000
5400.000000
4970.000000
5045.000000
5026.000000
5019.000000
4898.000000
4995.000000
5029.000000
4978.000000
5024.000000
4839.000000
5349.000000
5073.000000
4970.000000
1943.000000
6812.000000
6032.000000
4345.000000
5045.000000
4504.000000
4747.000000
5243.000000
5055.000000
4910.000000
4965.000000
5103.000000
4959.000000
4759.000000
5104.000000
4932.000000
5048.000000
4835.000000
5414.000000
5018.000000
5103.000000
1928.000000
6618.000000
6209.000000
4345.000000
5409.000000
4535.000000
4771.000000
5308.000000
5230.000000
4858.000000
5105.000000
5175.000000
4878.000000
4989.000000
4898.000000
4987.000000
4863.000000
4941.000000
5418.000000
4955.000000
4978.000000
1900.000000
7070.000000
5906.000000
4333.000000
5075.000000
4632.000000
4715.000000
5337.000000
5035.000000
4949.000000
4895.000000
5182.000000
4903.000000
4849.000000
5098.000000
4965.000000
4987.000000
4819.000000
5452.000000
4940.000000
5019.000000
2021.000000
6670.000000
5934.000000
4393.000000
5099.000000
4369.000000
4729.000000
5309.000000
4982.000000
4973.000000
5325.000000
5069.000000
4919.000000
4890.000000
4963.000000
5131.000000
4900.000000
5024.000000
5456.000000
5048.000000
4971.000000
1938.000000
6751.000000
5797.000000
4446.000000
5035.000000
4440.000000
4765.000000
5216.000000
4999.000000
4988.000000
5015.000000
5048.000000
5002.000000
4951.000000
5014.000000
4954.000000
4968.000000
4873.000000
5431.000000
4957.000000
4937.000000
2140.000000
6823.000000
6078.000000
4427.000000
5057.000000
4469.000000
4678.000000
5356.000000
5071.000000
4803.000000
5014.000000
5200.000000
4933.000000
4869.000000
4640.000000
4983.000000
4942.000000
4546.000000
5299.000000
5161.000000
