26050.000000
43.000000
11471.000000
11185.000000
11487.000000
11258.000000
11286.000000
11488.000000
11315.000000
12126.000000
11866.000000
11002.000000
11358.000000
14438.000000
9616.000000
10938.000000
11728.000000
11219.000000
11182.000000
11189.000000
4252.000000
9914.000000
7577.000000
5372.000000
4824.000000
4867.000000
4656.000000
6930.000000
2764.000000
4755.000000
4954.000000
4822.000000
7097.000000
4884.000000
13319.000000
544.000000
2247.000000
4945.000000
4711.000000
5075.000000
4848.000000
4054.000000
3600.000000
7393.000000
4807.000000
4685.000000
5129.000000
4846.000000
5147.000000
5075.000000
4988.000000
5189.000000
4735.000000
6182.000000
4988.000000
9728.000000
1310.000000
3264.000000
4671.000000
4899.000000
5245.000000
4687.000000
4296.000000
3510.000000
7692.000000
4938.000000
4976.000000
5007.000000
4839.000000
4908.000000
4945.000000
5164.000000
4940.000000
5026.000000
4735.000000
4954.000000
9734.000000
1290.000000
3713.000000
5338.000000
4977.000000
5415.000000
4854.000000
4171.000000
3512.000000
7808.000000
4684.000000
4531.000000
5209.000000
4833.000000
5054.000000
4968.000000
5056.000000
5061.000000
4607.000000
5200.000000
5175.000000
9572.000000
1300.000000
3435.000000
4980.000000
4850.000000
5369.000000
4750.000000
4085.000000
3570.000000
7723.000000
4927.000000
4787.000000
5150.000000
4811.000000
5026.000000
4973.000000
5014.000000
5143.000000
4587.000000
4740.000000
5008.000000
7334.000000
2547.000000
4546.000000
4880.000000
5022.000000
5041.000000
4746.000000
4148.000000
3435.000000
7796.000000
4635.000000
4942.000000
5104.000000
4805.000000
4942.000000
4988.000000
5025.000000
5096.000000
4706.000000
4763.000000
5003.000000
7277.000000
2706.000000
4541.000000
5180.000000
4978.000000
5096.000000
4743.000000
4192.000000
3440.000000
7789.000000
4706.000000
4816.000000
4989.000000
4887.000000
4893.000000
6033.000000
5079.000000
5049.000000
4645.000000
4787.000000
5085.000000
7603.000000
2610.000000
4562.000000
5198.000000
5037.000000
4997.000000
4776.000000
4118.000000
3504.000000
8117.000000
4712.000000
4818.000000
4983.000000
4853.000000
5079.000000
4969.000000
5099.000000
4995.000000
4826.000000
4853.000000
4997.000000
7298.000000
2654.000000
4319.000000
4980.000000
4972.000000
5081.000000
4783.000000
4161.000000
3542.000000
7867.000000
4620.000000
4915.000000
4982.000000
4780.000000
5106.000000
4945.000000
4905.000000
5137.000000
4639.000000
4691.000000
5068.000000
7448.000000
2464.000000
4835.000000
4909.000000
4925.000000
5046.000000
4697.000000
3976.000000
3609.000000
7800.000000
4739.000000
4997.000000
4958.000000
4791.000000
4985.000000
4961.000000
4929.000000
5040.000000
4695.000000
4738.000000
5070.000000
7238.000000
2761.000000
4307.000000
4942.000000
5038.000000
5146.000000
4628.000000
4170.000000
3518.000000
7712.000000
4753.000000
4902.000000
5013.000000
4866.000000
5070.000000
4960.000000
5035.000000
5126.000000
4630.000000
4645.000000
5012.000000
7349.000000
2467.000000
4475.000000
4930.000000
4931.000000
5360.000000
4773.000000
4100.000000
3499.000000
7824.000000
4690.000000
4886.000000
5048.000000
4954.000000
5017.000000
4964.000000
5050.000000
5135.000000
4666.000000
4587.000000
4887.000000
7454.000000
2546.000000
4606.000000
4950.000000
4940.000000
5395.000000
4664.000000
4233.000000
3511.000000
7826.000000
4674.000000
4858.000000
4915.000000
4991.000000
5001.000000
4912.000000
5174.000000
5029.000000
4776.000000
4751.000000
5146.000000
7248.000000
2746.000000
4644.000000
4929.000000
4929.000000
5305.000000
4811.000000
4104.000000
3510.000000
7411.000000
4778.000000
4933.000000
5002.000000
4987.000000
5030.000000
4989.000000
5130.000000
5089.000000
4735.000000
4979.000000
5158.000000
7289.000000
2707.000000
4383.000000
4974.000000
4902.000000
5086.000000
4896.000000
4122.000000
3595.000000
7775.000000
4952.000000
4973.000000
4995.000000
4973.000000
4985.000000
5094.000000
4931.000000
5210.000000
4809.000000
5017.000000
5173.000000
5144.000000
4907.000000
4504.000000
5159.000000
4997.000000
5100.000000
4872.000000
4150.000000
3571.000000
7799.000000
5163.000000
4924.000000
5004.000000
4872.000000
5077.000000
4906.000000
4968.000000
5177.000000
4884.000000
4986.000000
5128.000000
5030.000000
5021.000000
4781.000000
5009.000000
4911.000000
5021.000000
4800.000000
4256.000000
3528.000000
7698.000000
5484.000000
4912.000000
5121.000000
4782.000000
5155.000000
4998.000000
5008.000000
5118.000000
4953.000000
5113.000000
5180.000000
5101.000000
4990.000000
4796.000000
4937.000000
4981.000000
5116.000000
4820.000000
4087.000000
3575.000000
7863.000000
5047.000000
4867.000000
5087.000000
4848.000000
5007.000000
4988.000000
4969.000000
5070.000000
5034.000000
5046.000000
5051.000000
4861.000000
5118.000000
4755.000000
4506.000000
5146.000000
5035.000000
4817.000000
4088.000000
3498.000000
7813.000000
5116.000000
4835.000000
5043.000000
4770.000000
4999.000000
5282.000000
5100.000000
5082.000000
5048.000000
5107.000000
5000.000000
4981.000000
5274.000000
4758.000000
4978.000000
5175.000000
5044.000000
4726.000000
4042.000000
3537.000000
7748.000000
4967.000000
4938.000000
4987.000000
4745.000000
5071.000000
5252.000000
4985.000000
5220.000000
5026.000000
4984.000000
5139.000000
5127.000000
4928.000000
4850.000000
4941.000000
5196.000000
4908.000000
4887.000000
3969.000000
3602.000000
7686.000000
5151.000000
4781.000000
5115.000000
4880.000000
5009.000000
5229.000000
4965.000000
5135.000000
5034.000000
5015.000000
5209.000000
5010.000000
4962.000000
4787.000000
5346.000000
4939.000000
4981.000000
4657.000000
4235.000000
3527.000000
7675.000000
5418.000000
4972.000000
4925.000000
4955.000000
4996.000000
5237.000000
4945.000000
5119.000000
4980.000000
4805.000000
5211.000000
4949.000000
5140.000000
4908.000000
4946.000000
5037.000000
5131.000000
4905.000000
4232.000000
3505.000000
7864.000000
5152.000000
4907.000000
5049.000000
4883.000000
5049.000000
4969.000000
5063.000000
5305.000000
4922.000000
4792.000000
5112.000000
5078.000000
5091.000000
4792.000000
4977.000000
5175.000000
5009.000000
4851.000000
4146.000000
3534.000000
7811.000000
5025.000000
4904.000000
5019.000000
4722.000000
5114.000000
4971.000000
4911.000000
4990.000000
4961.000000
4834.000000
5045.000000
5111.000000
4993.000000
4748.000000
4984.000000
4853.000000
5037.000000
4889.000000
4020.000000
3607.000000
7789.000000
5050.000000
4771.000000
5149.000000
4744.000000
4977.000000
5073.000000
5024.000000
5223.000000
4905.000000
4883.000000
5034.000000
5145.000000
4908.000000
4814.000000
4951.000000
4845.000000
4923.000000
4796.000000
4278.000000
3480.000000
7413.000000
4990.000000
4789.000000
5038.000000
4774.000000
5024.000000
4964.000000
4969.000000
5163.000000
4992.000000
4796.000000
5123.000000
5068.000000
5033.000000
4705.000000
5320.000000
4831.000000
4994.000000
4711.000000
4196.000000
3617.000000
7426.000000
5305.000000
5894.000000
5077.000000
4774.000000
5001.000000
4902.000000
5071.000000
5239.000000
5084.000000
4859.000000
5026.000000
5018.000000
4871.000000
4826.000000
4606.000000
4909.000000
4649.000000
4604.000000
4314.000000
3563.000000
7286.000000
5056.000000
4820.000000
5068.000000
4868.000000
5110.000000
5044.000000
4949.000000
5179.000000
4857.000000
4937.000000
5239.000000
5008.000000
5041.000000
4658.000000
4484.000000
5129.000000
4665.000000
4626.000000
4170.000000
3493.000000
7216.000000
4956.000000
4811.000000
5024.000000
4916.000000
5022.000000
4978.000000
4974.000000
5097.000000
4946.000000
4975.000000
5077.000000
5013.000000
5001.000000
4816.000000
4983.000000
4936.000000
4614.000000
4785.000000
4009.000000
3620.000000
7447.000000
5473.000000
4807.000000
5143.000000
4874.000000
4994.000000
5055.000000
5034.000000
5075.000000
4913.000000
5032.000000
5076.000000
5031.000000
5187.000000
4768.000000
4689.000000
4974.000000
4586.000000
4779.000000
4255.000000
3544.000000
7356.000000
4928.000000
5043.000000
4943.000000
4877.000000
5063.000000
5114.000000
5368.000000
5199.000000
5181.000000
4745.000000
5426.000000
5170.000000
5476.000000
4844.000000
5024.000000
4904.000000
4591.000000
4733.000000
4108.000000
3516.000000
7275.000000
5009.000000
4838.000000
5020.000000
4711.000000
5048.000000
4965.000000
4996.000000
5155.000000
5007.000000
4768.000000
5263.000000
5163.000000
5019.000000
4804.000000
4958.000000
4825.000000
4565.000000
4695.000000
4226.000000
3512.000000
7189.000000
5049.000000
4783.000000
5014.000000
4782.000000
5031.000000
5030.000000
4841.000000
5069.000000
5000.000000
4766.000000
5331.000000
5076.000000
4946.000000
4831.000000
4858.000000
4915.000000
4653.000000
4641.000000
4119.000000
3598.000000
7222.000000
5098.000000
4745.000000
4932.000000
4881.000000
5038.000000
4908.000000
4921.000000
5209.000000
5039.000000
4770.000000
5209.000000
5048.000000
4946.000000
5108.000000
4873.000000
4986.000000
4516.000000
4759.000000
4110.000000
3576.000000
7245.000000
5345.000000
4922.000000
5021.000000
4779.000000
5062.000000
4956.000000
5019.000000
5004.000000
5074.000000
4866.000000
5034.000000
5055.000000
4992.000000
5000.000000
4943.000000
4837.000000
4616.000000
4614.000000
4124.000000
3587.000000
7780.000000
5046.000000
4776.000000
5147.000000
4731.000000
5021.000000
4940.000000
4960.000000
5193.000000
5046.000000
4781.000000
4983.000000
4980.000000
5297.000000
4721.000000
4517.000000
4899.000000
4538.000000
4701.000000
4147.000000
3609.000000
7790.000000
5070.000000
4773.000000
5031.000000
4833.000000
5060.000000
5012.000000
5011.000000
5096.000000
5288.000000
4907.000000
4961.000000
4933.000000
4884.000000
4866.000000
4497.000000
4817.000000
4613.000000
4748.000000
4109.000000
3456.000000
8072.000000
5090.000000
4751.000000
5106.000000
4735.000000
4976.000000
4937.000000
5136.000000
5059.000000
5357.000000
4677.000000
4982.000000
4935.000000
4968.000000
4831.000000
4427.000000
4840.000000
4576.000000
4763.000000
4198.000000
3479.000000
7792.000000
5367.000000
4799.000000
4999.000000
4923.000000
5007.000000
5025.000000
5015.000000
5034.000000
5406.000000
4723.000000
5091.000000
4960.000000
5031.000000
4774.000000
4592.000000
4922.000000
4421.000000
4792.000000
4146.000000
3481.000000
7822.000000
5108.000000
4754.000000
5087.000000
4697.000000
5065.000000
4952.000000
4914.000000
5086.000000
5442.000000
4735.000000
4985.000000
4966.000000
5269.000000
4794.000000
4482.000000
4786.000000
4515.000000
4740.000000
4248.000000
3496.000000
7724.000000
5190.000000
4708.000000
5048.000000
4770.000000
5050.000000
4964.000000
5125.000000
5061.000000
5293.000000
4923.000000
5010.000000
4989.000000
4972.000000
4809.000000
4416.000000
4930.000000
4451.000000
4746.000000
4215.000000
3466.000000
7755.000000
4966.000000
4863.000000
4977.000000
4797.000000
5140.000000
4965.000000
4912.000000
5174.000000
5264.000000
4941.000000
4998.000000
4998.000000
5009.000000
4814.000000
4398.000000
5317.000000
4560.000000
4862.000000
4124.000000
3699.000000
7744.000000
5050.000000
4998.000000
5000.000000
4795.000000
4953.000000
4895.000000
5100.000000
5088.000000
5296.000000
4710.000000
5042.000000
4996.000000
5294.000000
4767.000000
4409.000000
4917.000000
4441.000000
4726.000000
4243.000000
3512.000000
7841.000000
4943.000000
4948.000000
4989.000000
4737.000000
5146.000000
4981.000000
4943.000000
5131.000000
5312.000000
4712.000000
5197.000000
5018.000000
4967.000000
4667.000000
4293.000000
4882.000000
4529.000000
4774.000000
4168.000000
3475.000000
7806.000000
5229.000000
4969.000000
4900.000000
4861.000000
5088.000000
4899.000000
5164.000000
5170.000000
5247.000000
4862.000000
4981.000000
5161.000000
4838.000000
4725.000000
4326.000000
5027.000000
4511.000000
4654.000000
4159.000000
3566.000000
7765.000000
5040.000000
4862.000000
5060.000000
4782.000000
4997.000000
4969.000000
5015.000000
5174.000000
5389.000000
4726.000000
5061.000000
4937.000000
5200.000000
4721.000000
4480.000000
5037.000000
4448.000000
4744.000000
4027.000000
3657.000000
7652.000000
5177.000000
4788.000000
4996.000000
4936.000000
4593.000000
5004.000000
4903.000000
4814.000000
5283.000000
4899.000000
