17997.000000
43.000000
10248.000000
21382.000000
11295.000000
11363.000000
11377.000000
11426.000000
11487.000000
10616.000000
11768.000000
12522.000000
11392.000000
10575.000000
11892.000000
12391.000000
11809.000000
11193.000000
11390.000000
11063.000000
11449.000000
4673.000000
3740.000000
3812.000000
7582.000000
4783.000000
6977.000000
4912.000000
2492.000000
7095.000000
2350.000000
4948.000000
9421.000000
2811.000000
6266.000000
6784.000000
2980.000000
4790.000000
4900.000000
5036.000000
5028.000000
4957.000000
4775.000000
3986.000000
3410.000000
7138.000000
5165.000000
4865.000000
5230.000000
4998.000000
5131.000000
4854.000000
4704.000000
6450.000000
5018.000000
4861.000000
4888.000000
4595.000000
4407.000000
5065.000000
5231.000000
4859.000000
5235.000000
5083.000000
3839.000000
3565.000000
7544.000000
4921.000000
4898.000000
4952.000000
5019.000000
5061.000000
4802.000000
4982.000000
4857.000000
5025.000000
4836.000000
5050.000000
4779.000000
5404.000000
5020.000000
5395.000000
4867.000000
5240.000000
5061.000000
4000.000000
3364.000000
7083.000000
4935.000000
5060.000000
5036.000000
4974.000000
5005.000000
4786.000000
4776.000000
5360.000000
5173.000000
4803.000000
4901.000000
4527.000000
5068.000000
4825.000000
5342.000000
4865.000000
5109.000000
5051.000000
3866.000000
3634.000000
7416.000000
5043.000000
4907.000000
5015.000000
4933.000000
5050.000000
4860.000000
4692.000000
4792.000000
4989.000000
4889.000000
5005.000000
4655.000000
4908.000000
4884.000000
5096.000000
4778.000000
5207.000000
5145.000000
3832.000000
3364.000000
7411.000000
5026.000000
4871.000000
5037.000000
4788.000000
4999.000000
4958.000000
4752.000000
4971.000000
5043.000000
4742.000000
4896.000000
4870.000000
5209.000000
4999.000000
5001.000000
4777.000000
5241.000000
4973.000000
3891.000000
3497.000000
7362.000000
5026.000000
4828.000000
4982.000000
5945.000000
5033.000000
4885.000000
4754.000000
4845.000000
5036.000000
5175.000000
4922.000000
4801.000000
5318.000000
4969.000000
4956.000000
4694.000000
5139.000000
5199.000000
4154.000000
3479.000000
7314.000000
4969.000000
4867.000000
5152.000000
4870.000000
5137.000000
4866.000000
4656.000000
5116.000000
5037.000000
4888.000000
4835.000000
4626.000000
5019.000000
4900.000000
5084.000000
4666.000000
5280.000000
5217.000000
3961.000000
3348.000000
7415.000000
4867.000000
4932.000000
4993.000000
4927.000000
4885.000000
4873.000000
4849.000000
4875.000000
5079.000000
4832.000000
4925.000000
4802.000000
5020.000000
4943.000000
5027.000000
4659.000000
5230.000000
4979.000000
3944.000000
3569.000000
7403.000000
4823.000000
4971.000000
4992.000000
4908.000000
5027.000000
4848.000000
4680.000000
4867.000000
5036.000000
4732.000000
4991.000000
4720.000000
4880.000000
5147.000000
5000.000000
4736.000000
5109.000000
5194.000000
3942.000000
3359.000000
7320.000000
5011.000000
4884.000000
5079.000000
4937.000000
4941.000000
4847.000000
4798.000000
4858.000000
5029.000000
4750.000000
4960.000000
4619.000000
4829.000000
5006.000000
5344.000000
4821.000000
5156.000000
5086.000000
3989.000000
3372.000000
7346.000000
5066.000000
4967.000000
5003.000000
4867.000000
5136.000000
4801.000000
4787.000000
4772.000000
4886.000000
4955.000000
4863.000000
4938.000000
4837.000000
4955.000000
5377.000000
4803.000000
5227.000000
5056.000000
3981.000000
3374.000000
7257.000000
4966.000000
4969.000000
4992.000000
4938.000000
5097.000000
4804.000000
4722.000000
5168.000000
4951.000000
4998.000000
4933.000000
4837.000000
4905.000000
5024.000000
5339.000000
4744.000000
5194.000000
5127.000000
3442.000000
3516.000000
7496.000000
5028.000000
4937.000000
5019.000000
4966.000000
5106.000000
4765.000000
4785.000000
5180.000000
5199.000000
4767.000000
4982.000000
4715.000000
4960.000000
4975.000000
5087.000000
4887.000000
5126.000000
5110.000000
4031.000000
3604.000000
7493.000000
5011.000000
4951.000000
5061.000000
4985.000000
4940.000000
5025.000000
4780.000000
5215.000000
5086.000000
4946.000000
5063.000000
4694.000000
5149.000000
4975.000000
5085.000000
4805.000000
5255.000000
5247.000000
3892.000000
3558.000000
7744.000000
4901.000000
4995.000000
5074.000000
4778.000000
5120.000000
4893.000000
4832.000000
5279.000000
5095.000000
4787.000000
5094.000000
4995.000000
4966.000000
4955.000000
5083.000000
4731.000000
5305.000000
5122.000000
3833.000000
3618.000000
7966.000000
5063.000000
5000.000000
5024.000000
4966.000000
5017.000000
4927.000000
5066.000000
5210.000000
5149.000000
4715.000000
5192.000000
5015.000000
5008.000000
4940.000000
4995.000000
4857.000000
5228.000000
5191.000000
3955.000000
3388.000000
7691.000000
5154.000000
4829.000000
5008.000000
4952.000000
4957.000000
4899.000000
4955.000000
5258.000000
5139.000000
4720.000000
5026.000000
4985.000000
4454.000000
5119.000000
5038.000000
4804.000000
5228.000000
5121.000000
3951.000000
3358.000000
7745.000000
5025.000000
4795.000000
4988.000000
5310.000000
4968.000000
5066.000000
5102.000000
5232.000000
5025.000000
4660.000000
5363.000000
5016.000000
4981.000000
5179.000000
4935.000000
4632.000000
5268.000000
5084.000000
3714.000000
3507.000000
7758.000000
4907.000000
4940.000000
4924.000000
5189.000000
5060.000000
4919.000000
5156.000000
5270.000000
5137.000000
4705.000000
5146.000000
4936.000000
4892.000000
5205.000000
5029.000000
4781.000000
5218.000000
4992.000000
3898.000000
3488.000000
7769.000000
4984.000000
4905.000000
5003.000000
5189.000000
5067.000000
4914.000000
5029.000000
5295.000000
5096.000000
4855.000000
4974.000000
4947.000000
5288.000000
4891.000000
5037.000000
4830.000000
5168.000000
5099.000000
3873.000000
3595.000000
7953.000000
4882.000000
5011.000000
4976.000000
5245.000000
5006.000000
4914.000000
4946.000000
5046.000000
5147.000000
4810.000000
5127.000000
5065.000000
4996.000000
5163.000000
4981.000000
4828.000000
5220.000000
5167.000000
3922.000000
3571.000000
7810.000000
5042.000000
4933.000000
5051.000000
4951.000000
5058.000000
5064.000000
4902.000000
4977.000000
5150.000000
4815.000000
5175.000000
5039.000000
4888.000000
5120.000000
5213.000000
4825.000000
5142.000000
5180.000000
3923.000000
3322.000000
7757.000000
5022.000000
4888.000000
5046.000000
4911.000000
4992.000000
4660.000000
5080.000000
4860.000000
5093.000000
4883.000000
5054.000000
4960.000000
4873.000000
5100.000000
4981.000000
4765.000000
5216.000000
5074.000000
3850.000000
3486.000000
7706.000000
4971.000000
4970.000000
4997.000000
4926.000000
5046.000000
4974.000000
5053.000000
4982.000000
5024.000000
4900.000000
5087.000000
4907.000000
4857.000000
4930.000000
5025.000000
4788.000000
5231.000000
4716.000000
3912.000000
3391.000000
7760.000000
4863.000000
4866.000000
5060.000000
4941.000000
4959.000000
4925.000000
5074.000000
4986.000000
5104.000000
4830.000000
4992.000000
4934.000000
5254.000000
4908.000000
5007.000000
4786.000000
5224.000000
4549.000000
3950.000000
3698.000000
8999.000000
4950.000000
4799.000000
5121.000000
4825.000000
4889.000000
5100.000000
5220.000000
4855.000000
5062.000000
4867.000000
4982.000000
4999.000000
4481.000000
4911.000000
4674.000000
4745.000000
5191.000000
4755.000000
3800.000000
3517.000000
7778.000000
4962.000000
4993.000000
5039.000000
5012.000000
4981.000000
4837.000000
4989.000000
5270.000000
5104.000000
4750.000000
5057.000000
5019.000000
4312.000000
5192.000000
4498.000000
4783.000000
5236.000000
4602.000000
3667.000000
3469.000000
7549.000000
5175.000000
4890.000000
4937.000000
5037.000000
5079.000000
4723.000000
5024.000000
5189.000000
5113.000000
4811.000000
5081.000000
5027.000000
4858.000000
4986.000000
4502.000000
4860.000000
5076.000000
4740.000000
4061.000000
3642.000000
7888.000000
5024.000000
4958.000000
4996.000000
5002.000000
5076.000000
4709.000000
5149.000000
5129.000000
5062.000000
4914.000000
5120.000000
5019.000000
4539.000000
5034.000000
4621.000000
4923.000000
5254.000000
4596.000000
3958.000000
3389.000000
7747.000000
5071.000000
4892.000000
5071.000000
4959.000000
5492.000000
4931.000000
5087.000000
4980.000000
5369.000000
4999.000000
5528.000000
5090.000000
4969.000000
4947.000000
4549.000000
4761.000000
5247.000000
4455.000000
3836.000000
3514.000000
7690.000000
4994.000000
4881.000000
5041.000000
4873.000000
5074.000000
4840.000000
4874.000000
5104.000000
5369.000000
4845.000000
5050.000000
4952.000000
4900.000000
5041.000000
4525.000000
4647.000000
5264.000000
4630.000000
3677.000000
3479.000000
7627.000000
5108.000000
4848.000000
5067.000000
4744.000000
5070.000000
4854.000000
4936.000000
4940.000000
5498.000000
4708.000000
5008.000000
5011.000000
4829.000000
4983.000000
4458.000000
4776.000000
5277.000000
4611.000000
3812.000000
3428.000000
7596.000000
5060.000000
4877.000000
5011.000000
4795.000000
4982.000000
4898.000000
5115.000000
4974.000000
5337.000000
4754.000000
4964.000000
5258.000000
4916.000000
5048.000000
4542.000000
4731.000000
5182.000000
4603.000000
3766.000000
3698.000000
7915.000000
4867.000000
5023.000000
4926.000000
4863.000000
5160.000000
4839.000000
5044.000000
5012.000000
5031.000000
4860.000000
5018.000000
5210.000000
4812.000000
5069.000000
4484.000000
4708.000000
5199.000000
4999.000000
3995.000000
3336.000000
7796.000000
5038.000000
4844.000000
5008.000000
4893.000000
5024.000000
4822.000000
5004.000000
5133.000000
4795.000000
4864.000000
5347.000000
4932.000000
4572.000000
4947.000000
4401.000000
4821.000000
5117.000000
5245.000000
3767.000000
3478.000000
7774.000000
5006.000000
4860.000000
4955.000000
4982.000000
5053.000000
4849.000000
5437.000000
4880.000000
5030.000000
4617.000000
5062.000000
5024.000000
4448.000000
4950.000000
4489.000000
4760.000000
5119.000000
5039.000000
4135.000000
3579.000000
7726.000000
5015.000000
4745.000000
4972.000000
5033.000000
5023.000000
4852.000000
5383.000000
4862.000000
4942.000000
4663.000000
5146.000000
5016.000000
4310.000000
5014.000000
4538.000000
4868.000000
5107.000000
5125.000000
3775.000000
3610.000000
7942.000000
4905.000000
4969.000000
5083.000000
4827.000000
5136.000000
4846.000000
5296.000000
5093.000000
4992.000000
4743.000000
5081.000000
4942.000000
4579.000000
4965.000000
4497.000000
4798.000000
5139.000000
5095.000000
3894.000000
3408.000000
7755.000000
4892.000000
4950.000000
4893.000000
4950.000000
5012.000000
4874.000000
5399.000000
5014.000000
4945.000000
4774.000000
5312.000000
4985.000000
4259.000000
4964.000000
4543.000000
4808.000000
5166.000000
5145.000000
3880.000000
3380.000000
7737.000000
4854.000000
5009.000000
4959.000000
5007.000000
5004.000000
4882.000000
5399.000000
5014.000000
4908.000000
4870.000000
4939.000000
5101.000000
4326.000000
5004.000000
4488.000000
4857.000000
5156.000000
5085.000000
3860.000000
3344.000000
7719.000000
4979.000000
4849.000000
5040.000000
4842.000000
5140.000000
4823.000000
5337.000000
5062.000000
5112.000000
4664.000000
5107.000000
4898.000000
4510.000000
5336.000000
4536.000000
4843.000000
5286.000000
5119.000000
3947.000000
3463.000000
7806.000000
4996.000000
4788.000000
5007.000000
4932.000000
5007.000000
4834.000000
5281.000000
5015.000000
4960.000000
4801.000000
5333.000000
4903.000000
4437.000000
4945.000000
4520.000000
4804.000000
5189.000000
5090.000000
3957.000000
3373.000000
7621.000000
5030.000000
4927.000000
4921.000000
5069.000000
5018.000000
4811.000000
5375.000000
5044.000000
5035.000000
4741.000000
5034.000000
4926.000000
4278.000000
5042.000000
4459.000000
4766.000000
5168.000000
4998.000000
3890.000000
3578.000000
7859.000000
4931.000000
5214.000000
5048.000000
4981.000000
5095.000000
4912.000000
5356.000000
5104.000000
4971.000000
4849.000000
4922.000000
4867.000000
4391.000000
5013.000000
4462.000000
4775.000000
5078.000000
4887.000000
3914.000000
3329.000000
7776.000000
5054.000000
4870.000000
5017.000000
4912.000000
5085.000000
4830.000000
5333.000000
4867.000000
5123.000000
4999.000000
4923.000000
5067.000000
4362.000000
5087.000000
4502.000000
4658.000000
5137.000000
5244.000000
3825.000000
3456.000000
7637.000000
5096.000000
4898.000000
4657.000000
4868.000000
4994.000000
4544.000000
5267.000000
5113.000000
