24757.000000
43.000000
11812.000000
11098.000000
11396.000000
11229.000000
11304.000000
11364.000000
11558.000000
12017.000000
11773.000000
3891.000000
9500.000000
21299.000000
11875.000000
10870.000000
11628.000000
11209.000000
11407.000000
11106.000000
11561.000000
5261.000000
4894.000000
5301.000000
4938.000000
4661.000000
4783.000000
6842.000000
2905.000000
6769.000000
2908.000000
4828.000000
6013.000000
3316.000000
9098.000000
4911.000000
4842.000000
4768.000000
4763.000000
5124.000000
4908.000000
5130.000000
4625.000000
5264.000000
5028.000000
4698.000000
5107.000000
4877.000000
5101.000000
5088.000000
5042.000000
4800.000000
5072.000000
4950.000000
3118.000000
8228.000000
4601.000000
4647.000000
4306.000000
4875.000000
5387.000000
4711.000000
5312.000000
5056.000000
5078.000000
4878.000000
4864.000000
5093.000000
4806.000000
5013.000000
4970.000000
4996.000000
5068.000000
4987.000000
3719.000000
3207.000000
7813.000000
5096.000000
4567.000000
5379.000000
4977.000000
5446.000000
4789.000000
5253.000000
5084.000000
5247.000000
4632.000000
4650.000000
5033.000000
4920.000000
5002.000000
5016.000000
4887.000000
5153.000000
4738.000000
4193.000000
3071.000000
8054.000000
4924.000000
4330.000000
4843.000000
4974.000000
5379.000000
4792.000000
5181.000000
5134.000000
5148.000000
4778.000000
4885.000000
4929.000000
5039.000000
4949.000000
5008.000000
4858.000000
5268.000000
4621.000000
3634.000000
3127.000000
7897.000000
4976.000000
4481.000000
4858.000000
4990.000000
5007.000000
4863.000000
5176.000000
4997.000000
5222.000000
4579.000000
4889.000000
5089.000000
4891.000000
4916.000000
4912.000000
4958.000000
5160.000000
4865.000000
3667.000000
3212.000000
7967.000000
4737.000000
4555.000000
5263.000000
4963.000000
5067.000000
4784.000000
5258.000000
4989.000000
5112.000000
4743.000000
4866.000000
4928.000000
4848.000000
5392.000000
5876.000000
5091.000000
4819.000000
4991.000000
3360.000000
3168.000000
8649.000000
4516.000000
4885.000000
5213.000000
4984.000000
4967.000000
4855.000000
5187.000000
5070.000000
5486.000000
4715.000000
4809.000000
4937.000000
4911.000000
5016.000000
4997.000000
5119.000000
4722.000000
5070.000000
3409.000000
3266.000000
8268.000000
4554.000000
4668.000000
4968.000000
4948.000000
5032.000000
4858.000000
5291.000000
5096.000000
5275.000000
4516.000000
4907.000000
4699.000000
4886.000000
4987.000000
4931.000000
4889.000000
5191.000000
4647.000000
3667.000000
3159.000000
8040.000000
4783.000000
4703.000000
4946.000000
5000.000000
5021.000000
4764.000000
5076.000000
5036.000000
5190.000000
4861.000000
4836.000000
4992.000000
4906.000000
4953.000000
4907.000000
4896.000000
5229.000000
4669.000000
3563.000000
3155.000000
7993.000000
4962.000000
4471.000000
4703.000000
5308.000000
4988.000000
4646.000000
5235.000000
5137.000000
5177.000000
4601.000000
4820.000000
5157.000000
4822.000000
4976.000000
4979.000000
4943.000000
5117.000000
4804.000000
3555.000000
3135.000000
7935.000000
4911.000000
4264.000000
5001.000000
4872.000000
5447.000000
4731.000000
5277.000000
5017.000000
5267.000000
4604.000000
4853.000000
5162.000000
4919.000000
4913.000000
5039.000000
4936.000000
5192.000000
4750.000000
3386.000000
3225.000000
8029.000000
4725.000000
4716.000000
4879.000000
4988.000000
5377.000000
4708.000000
5301.000000
4985.000000
5306.000000
4626.000000
4779.000000
5061.000000
4947.000000
4973.000000
5000.000000
5040.000000
5066.000000
4709.000000
3842.000000
3148.000000
7949.000000
5030.000000
4561.000000
4850.000000
5041.000000
5300.000000
4790.000000
5313.000000
4934.000000
4800.000000
4773.000000
5016.000000
5028.000000
4975.000000
4983.000000
5004.000000
4974.000000
5182.000000
4862.000000
3822.000000
3235.000000
8070.000000
4938.000000
4373.000000
4946.000000
4974.000000
5077.000000
4764.000000
5415.000000
4956.000000
5288.000000
4924.000000
4931.000000
5060.000000
4966.000000
5017.000000
4905.000000
5083.000000
5248.000000
4606.000000
3998.000000
3331.000000
8010.000000
5092.000000
4499.000000
4898.000000
5166.000000
5084.000000
4769.000000
5459.000000
4965.000000
5299.000000
5017.000000
4956.000000
4989.000000
4948.000000
4941.000000
4941.000000
5096.000000
5064.000000
4899.000000
4026.000000
3233.000000
7855.000000
5005.000000
4864.000000
4896.000000
5057.000000
5063.000000
4839.000000
5266.000000
5007.000000
5233.000000
5394.000000
4841.000000
5162.000000
4918.000000
5048.000000
4986.000000
4864.000000
5264.000000
4985.000000
4089.000000
3211.000000
7952.000000
5022.000000
4829.000000
5010.000000
4949.000000
5091.000000
4708.000000
5361.000000
5047.000000
5331.000000
5028.000000
4879.000000
4957.000000
4874.000000
4911.000000
4993.000000
5011.000000
5085.000000
4971.000000
4132.000000
3127.000000
7927.000000
4946.000000
4663.000000
4483.000000
5230.000000
5107.000000
4806.000000
5264.000000
4956.000000
5172.000000
5089.000000
4881.000000
4917.000000
4947.000000
4842.000000
5434.000000
5017.000000
5125.000000
5144.000000
4027.000000
3134.000000
7755.000000
5380.000000
4749.000000
4976.000000
5215.000000
4840.000000
4764.000000
5334.000000
5005.000000
5133.000000
4946.000000
4837.000000
4971.000000
4850.000000
5038.000000
5244.000000
5082.000000
5143.000000
4979.000000
4068.000000
3212.000000
7949.000000
5022.000000
4751.000000
4974.000000
5191.000000
4969.000000
4884.000000
5205.000000
5015.000000
5150.000000
4950.000000
4953.000000
4987.000000
4936.000000
4980.000000
5325.000000
4833.000000
5255.000000
4936.000000
4116.000000
3188.000000
7954.000000
5032.000000
4735.000000
5238.000000
5028.000000
4959.000000
4774.000000
5302.000000
5045.000000
5057.000000
5396.000000
4916.000000
4981.000000
4916.000000
4985.000000
5292.000000
4868.000000
5177.000000
5044.000000
3666.000000
3281.000000
8061.000000
5030.000000
4882.000000
4997.000000
5089.000000
5069.000000
4891.000000
5337.000000
5094.000000
5206.000000
5116.000000
4895.000000
5013.000000
4955.000000
4997.000000
4912.000000
5021.000000
5235.000000
5012.000000
3790.000000
3239.000000
7976.000000
5185.000000
4736.000000
4951.000000
5258.000000
5056.000000
4813.000000
5273.000000
5062.000000
5184.000000
4914.000000
4972.000000
4949.000000
4916.000000
4997.000000
4954.000000
4952.000000
4934.000000
5079.000000
3555.000000
3279.000000
8126.000000
4841.000000
4803.000000
4894.000000
4988.000000
5087.000000
4735.000000
5373.000000
4888.000000
5218.000000
4998.000000
4962.000000
4963.000000
4892.000000
5016.000000
4997.000000
4977.000000
5136.000000
5020.000000
3711.000000
3297.000000
8037.000000
4895.000000
4804.000000
4918.000000
4897.000000
4887.000000
4955.000000
5175.000000
4716.000000
5047.000000
5010.000000
4889.000000
4961.000000
4985.000000
4953.000000
4891.000000
4934.000000
5191.000000
5074.000000
3656.000000
3342.000000
8057.000000
4953.000000
4578.000000
5381.000000
4842.000000
4982.000000
4896.000000
5266.000000
4572.000000
5229.000000
5432.000000
5880.000000
4939.000000
4926.000000
4893.000000
4888.000000
5012.000000
5426.000000
5045.000000
3617.000000
3228.000000
8278.000000
4874.000000
4771.000000
4506.000000
5028.000000
4603.000000
4780.000000
5294.000000
4616.000000
5144.000000
5035.000000
4953.000000
5003.000000
4960.000000
4948.000000
5068.000000
5020.000000
5073.000000
4982.000000
3611.000000
3189.000000
8264.000000
4961.000000
4814.000000
4405.000000
5264.000000
4486.000000
4776.000000
5200.000000
4521.000000
5135.000000
4900.000000
4845.000000
4955.000000
4975.000000
4976.000000
4996.000000
4987.000000
5201.000000
4907.000000
3505.000000
3243.000000
8333.000000
5013.000000
4782.000000
4953.000000
4972.000000
4502.000000
4831.000000
5225.000000
4548.000000
5470.000000
5347.000000
4824.000000
5026.000000
4935.000000
5066.000000
4927.000000
5024.000000
5060.000000
5054.000000
3600.000000
3181.000000
8381.000000
5064.000000
4798.000000
4586.000000
5079.000000
4519.000000
4905.000000
5314.000000
4636.000000
5168.000000
5056.000000
4908.000000
5032.000000
4867.000000
5034.000000
5075.000000
5410.000000
5302.000000
4733.000000
3711.000000
3293.000000
8315.000000
5319.000000
4981.000000
4975.000000
4952.000000
4515.000000
4851.000000
5238.000000
4573.000000
5062.000000
5062.000000
4845.000000
4911.000000
4928.000000
4977.000000
4936.000000
4979.000000
5138.000000
4991.000000
3692.000000
3279.000000
8276.000000
4834.000000
4930.000000
4896.000000
4975.000000
4523.000000
4753.000000
5281.000000
4521.000000
5160.000000
4947.000000
4886.000000
4813.000000
5011.000000
4990.000000
4801.000000
4979.000000
5201.000000
4966.000000
3679.000000
3236.000000
8203.000000
4905.000000
4740.000000
4897.000000
5038.000000
4497.000000
4778.000000
5281.000000
4507.000000
5079.000000
5011.000000
4908.000000
4919.000000
4852.000000
5011.000000
4889.000000
4988.000000
5194.000000
5013.000000
3678.000000
3270.000000
8186.000000
4783.000000
5136.000000
4877.000000
5008.000000
4527.000000
4737.000000
5315.000000
4550.000000
5094.000000
5391.000000
4831.000000
4983.000000
4832.000000
4961.000000
4981.000000
4984.000000
5189.000000
5013.000000
3742.000000
3156.000000
8108.000000
4828.000000
4981.000000
4899.000000
4980.000000
4543.000000
4782.000000
5261.000000
5005.000000
5046.000000
5185.000000
4836.000000
4964.000000
4926.000000
4946.000000
4920.000000
4988.000000
5117.000000
5055.000000
3780.000000
3020.000000
7966.000000
5300.000000
4766.000000
4442.000000
5001.000000
4499.000000
4720.000000
5288.000000
4943.000000
5255.000000
5001.000000
4941.000000
4938.000000
4935.000000
4978.000000
4970.000000
4998.000000
5135.000000
5421.000000
3740.000000
2992.000000
7841.000000
4971.000000
4741.000000
4558.000000
4922.000000
4470.000000
4801.000000
5214.000000
4987.000000
5591.000000
4909.000000
4917.000000
4863.000000
4888.000000
4919.000000
4990.000000
5103.000000
5090.000000
5298.000000
3761.000000
3092.000000
7824.000000
4973.000000
4735.000000
4417.000000
4945.000000
4575.000000
4711.000000
5331.000000
4994.000000
5216.000000
5306.000000
4770.000000
5075.000000
4902.000000
5036.000000
4996.000000
5007.000000
4991.000000
5516.000000
3613.000000
3136.000000
7847.000000
5084.000000
4824.000000
4489.000000
5021.000000
4488.000000
4727.000000
5195.000000
5100.000000
5170.000000
5042.000000
4921.000000
4818.000000
4976.000000
4949.000000
4887.000000
4918.000000
5188.000000
5365.000000
3828.000000
3044.000000
7840.000000
5384.000000
4713.000000
4360.000000
4970.000000
4484.000000
4769.000000
5276.000000
5014.000000
5183.000000
5047.000000
4846.000000
4928.000000
4797.000000
5028.000000
4994.000000
5015.000000
5234.000000
5359.000000
3750.000000
3045.000000
7907.000000
5030.000000
4821.000000
4272.000000
5068.000000
4437.000000
4874.000000
5157.000000
5012.000000
5236.000000
4975.000000
4792.000000
4963.000000
4933.000000
4886.000000
5132.000000
4969.000000
5038.000000
5421.000000
3788.000000
3112.000000
7912.000000
5010.000000
4788.000000
4457.000000
5318.000000
4526.000000
4916.000000
5306.000000
5130.000000
5238.000000
4993.000000
4875.000000
4972.000000
4908.000000
4997.000000
4859.000000
4978.000000
5112.000000
5378.000000
3753.000000
3032.000000
7921.000000
5290.000000
4718.000000
4316.000000
4973.000000
4540.000000
4810.000000
5306.000000
5029.000000
5168.000000
5028.000000
4858.000000
4938.000000
4912.000000
4983.000000
5012.000000
4972.000000
5072.000000
5369.000000
3762.000000
3141.000000
7968.000000
4984.000000
4662.000000
4275.000000
5038.000000
4463.000000
4707.000000
5323.000000
5008.000000
5129.000000
5359.000000
4759.000000
4910.000000
4966.000000
5046.000000
4990.000000
5043.000000
5230.000000
5406.000000
3751.000000
3080.000000
7952.000000
4983.000000
4597.000000
4371.000000
4876.000000
4592.000000
4786.000000
5241.000000
4999.000000
5196.000000
5001.000000
4899.000000
5006.000000
4903.000000
4986.000000
4963.000000
4979.000000
5149.000000
5384.000000
3710.000000
3056.000000
7908.000000
5234.000000
4790.000000
4405.000000
4991.000000
4537.000000
4758.000000
5217.000000
5070.000000
5158.000000
5003.000000
4925.000000
4943.000000
4914.000000
4542.000000
4912.000000
5030.000000
4694.000000
5505.000000
3752.000000
