26644.000000
45.000000
9641.000000
10889.000000
11300.000000
11436.000000
11252.000000
11443.000000
11420.000000
12257.000000
11647.000000
11137.000000
11324.000000
12027.000000
12071.000000
1952.000000
13378.000000
18443.000000
11271.000000
11207.000000
11563.000000
5208.000000
11742.000000
1427.000000
1923.000000
4816.000000
4702.000000
4918.000000
4859.000000
4733.000000
4872.000000
7116.000000
4846.000000
4842.000000
6635.000000
4825.000000
2086.000000
6378.000000
5810.000000
5079.000000
4921.000000
5244.000000
4617.000000
9805.000000
1212.000000
3662.000000
4953.000000
5046.000000
5097.000000
5039.000000
4940.000000
5226.000000
4719.000000
6315.000000
4950.000000
5078.000000
4940.000000
1813.000000
5960.000000
6074.000000
5293.000000
4625.000000
5397.000000
5009.000000
9710.000000
1275.000000
3971.000000
4994.000000
4915.000000
4900.000000
5011.000000
5016.000000
5069.000000
4936.000000
4751.000000
4953.000000
5151.000000
5026.000000
1996.000000
6748.000000
6111.000000
5429.000000
4820.000000
5373.000000
4878.000000
9819.000000
1295.000000
3529.000000
4904.000000
5022.000000
4991.000000
5014.000000
4984.000000
5066.000000
4680.000000
5288.000000
5006.000000
5042.000000
5013.000000
1849.000000
6277.000000
5997.000000
5380.000000
4742.000000
5348.000000
5005.000000
7452.000000
2490.000000
4795.000000
5107.000000
4883.000000
4995.000000
4982.000000
4977.000000
5095.000000
4658.000000
4783.000000
4935.000000
5091.000000
4947.000000
1886.000000
6336.000000
6141.000000
4907.000000
4848.000000
5305.000000
4982.000000
7395.000000
2446.000000
4798.000000
5067.000000
4909.000000
4983.000000
4913.000000
4984.000000
5184.000000
4712.000000
4689.000000
4987.000000
5151.000000
4867.000000
1976.000000
6722.000000
6057.000000
5001.000000
4735.000000
5377.000000
4955.000000
7372.000000
2407.000000
4903.000000
4893.000000
4968.000000
4949.000000
5874.000000
5080.000000
5122.000000
4616.000000
4914.000000
4958.000000
5389.000000
4871.000000
1981.000000
6716.000000
5990.000000
5079.000000
4702.000000
5343.000000
5024.000000
7789.000000
2268.000000
4918.000000
4899.000000
4996.000000
5036.000000
5026.000000
4945.000000
5171.000000
4721.000000
4894.000000
4978.000000
5103.000000
4876.000000
1848.000000
6364.000000
5997.000000
5103.000000
4808.000000
5266.000000
5165.000000
7358.000000
2440.000000
4818.000000
5040.000000
4826.000000
5092.000000
4915.000000
4953.000000
5478.000000
4631.000000
4750.000000
4951.000000
5150.000000
4876.000000
1852.000000
6198.000000
6413.000000
5141.000000
4663.000000
5273.000000
5032.000000
7399.000000
2493.000000
4966.000000
4549.000000
4972.000000
4844.000000
4963.000000
5005.000000
5140.000000
4554.000000
4818.000000
4875.000000
5122.000000
5021.000000
1845.000000
6234.000000
6349.000000
4928.000000
4671.000000
5418.000000
5004.000000
7296.000000
2430.000000
4888.000000
5096.000000
4870.000000
4934.000000
4982.000000
4956.000000
5220.000000
4585.000000
4737.000000
4998.000000
5096.000000
4873.000000
1841.000000
6127.000000
6213.000000
5381.000000
4642.000000
5269.000000
5115.000000
7375.000000
2431.000000
4960.000000
5082.000000
4969.000000
4816.000000
5079.000000
4935.000000
5115.000000
4739.000000
4661.000000
4944.000000
5486.000000
4945.000000
1700.000000
6247.000000
6351.000000
5391.000000
4708.000000
5315.000000
5020.000000
7442.000000
2452.000000
4875.000000
4949.000000
4896.000000
4980.000000
5001.000000
4975.000000
5119.000000
4692.000000
4984.000000
4932.000000
5150.000000
4966.000000
1838.000000
6194.000000
6412.000000
5410.000000
4718.000000
5260.000000
5075.000000
7003.000000
2512.000000
4918.000000
5083.000000
4924.000000
4961.000000
5022.000000
5031.000000
5148.000000
4764.000000
5049.000000
5017.000000
4871.000000
4930.000000
1945.000000
6292.000000
6098.000000
5007.000000
4766.000000
5472.000000
5070.000000
7422.000000
2641.000000
4939.000000
5039.000000
4888.000000
5123.000000
5006.000000
4857.000000
5245.000000
4866.000000
4976.000000
5043.000000
5247.000000
5063.000000
1990.000000
6338.000000
6157.000000
5072.000000
4816.000000
5476.000000
4978.000000
5329.000000
5102.000000
4791.000000
5052.000000
4954.000000
4922.000000
5043.000000
4957.000000
5059.000000
4922.000000
5132.000000
4995.000000
4976.000000
5098.000000
1936.000000
6710.000000
6008.000000
5045.000000
4912.000000
5242.000000
5140.000000
4980.000000
5549.000000
4929.000000
4967.000000
5051.000000
5006.000000
4999.000000
4949.000000
5134.000000
4986.000000
5219.000000
4922.000000
5229.000000
4931.000000
1999.000000
6744.000000
6102.000000
5072.000000
4681.000000
5405.000000
5082.000000
5165.000000
5060.000000
4858.000000
5071.000000
4823.000000
5040.000000
4907.000000
5039.000000
5125.000000
4974.000000
5117.000000
5004.000000
4905.000000
5043.000000
1898.000000
6163.000000
6434.000000
4986.000000
4680.000000
5281.000000
5124.000000
5032.000000
5152.000000
4901.000000
4965.000000
4870.000000
4981.000000
5258.000000
4952.000000
5368.000000
5000.000000
5073.000000
4879.000000
5053.000000
5221.000000
1977.000000
6674.000000
6334.000000
5014.000000
4616.000000
5378.000000
5012.000000
4964.000000
5144.000000
4788.000000
4932.000000
4891.000000
5035.000000
5345.000000
4852.000000
5224.000000
5051.000000
5092.000000
5015.000000
5189.000000
4891.000000
2010.000000
6526.000000
6525.000000
4944.000000
4674.000000
5253.000000
5132.000000
4999.000000
5139.000000
4903.000000
4980.000000
4920.000000
4866.000000
5344.000000
4930.000000
5151.000000
5061.000000
5181.000000
5056.000000
5079.000000
4971.000000
1838.000000
7075.000000
6091.000000
4937.000000
4745.000000
5239.000000
5018.000000
5145.000000
5539.000000
4763.000000
4941.000000
4916.000000
4978.000000
5300.000000
5012.000000
5177.000000
4920.000000
4853.000000
5086.000000
5012.000000
5162.000000
1998.000000
6741.000000
6204.000000
5030.000000
4902.000000
5303.000000
5150.000000
5220.000000
5083.000000
4919.000000
5029.000000
4933.000000
5000.000000
4988.000000
5019.000000
5192.000000
5054.000000
4733.000000
5095.000000
5114.000000
5182.000000
1876.000000
6679.000000
6426.000000
5047.000000
4833.000000
5201.000000
5013.000000
5185.000000
4986.000000
4958.000000
4880.000000
4962.000000
4999.000000
4910.000000
5013.000000
4879.000000
5015.000000
4896.000000
4999.000000
5083.000000
5105.000000
1837.000000
6731.000000
6083.000000
4990.000000
4680.000000
5313.000000
5083.000000
5162.000000
5034.000000
4921.000000
4958.000000
4910.000000
4991.000000
4950.000000
4993.000000
5231.000000
5045.000000
4662.000000
5103.000000
5168.000000
4958.000000
2015.000000
6488.000000
6070.000000
4982.000000
4728.000000
5427.000000
4540.000000
5185.000000
4988.000000
4834.000000
5005.000000
4939.000000
4868.000000
4956.000000
4921.000000
5190.000000
5038.000000
4890.000000
5093.000000
5067.000000
5009.000000
1883.000000
6925.000000
6110.000000
4922.000000
4793.000000
5233.000000
4543.000000
5297.000000
5372.000000
5923.000000
4925.000000
4916.000000
5073.000000
4771.000000
5069.000000
5273.000000
5061.000000
4774.000000
5019.000000
5141.000000
4969.000000
1879.000000
6094.000000
6199.000000
4675.000000
4729.000000
5364.000000
4624.000000
5028.000000
5158.000000
4925.000000
5040.000000
4921.000000
4853.000000
5197.000000
4999.000000
5062.000000
4879.000000
5058.000000
5060.000000
5044.000000
4953.000000
1979.000000
6053.000000
6418.000000
4497.000000
4635.000000
5235.000000
4678.000000
4993.000000
5000.000000
4758.000000
5017.000000
4919.000000
5035.000000
4981.000000
4985.000000
5094.000000
4951.000000
5005.000000
5018.000000
5055.000000
5180.000000
1821.000000
6625.000000
6183.000000
4434.000000
4755.000000
5379.000000
4544.000000
5419.000000
5324.000000
4934.000000
5018.000000
4934.000000
5039.000000
4865.000000
5129.000000
5067.000000
4999.000000
4970.000000
4953.000000
5292.000000
5065.000000
1882.000000
6343.000000
6198.000000
4489.000000
4903.000000
5405.000000
4543.000000
5169.000000
5029.000000
4964.000000
4950.000000
4876.000000
5137.000000
5041.000000
5370.000000
5271.000000
5008.000000
4873.000000
5366.000000
5163.000000
5429.000000
1976.000000
6643.000000
6206.000000
4536.000000
4746.000000
5285.000000
4590.000000
5031.000000
5004.000000
4900.000000
4938.000000
4909.000000
4893.000000
4973.000000
4982.000000
5219.000000
4856.000000
4820.000000
5425.000000
4983.000000
5138.000000
1846.000000
6584.000000
6137.000000
4605.000000
4669.000000
5372.000000
4496.000000
5035.000000
4933.000000
4890.000000
4969.000000
4951.000000
4995.000000
4953.000000
4852.000000
5192.000000
4926.000000
4847.000000
5252.000000
5018.000000
4990.000000
1867.000000
6738.000000
6059.000000
4469.000000
4737.000000
5315.000000
4543.000000
5085.000000
5051.000000
4783.000000
4964.000000
4833.000000
4906.000000
4950.000000
5018.000000
5563.000000
4918.000000
4874.000000
5201.000000
5134.000000
4876.000000
1862.000000
6754.000000
6288.000000
4570.000000
4689.000000
5399.000000
4500.000000
5067.000000
5331.000000
4965.000000
4953.000000
4866.000000
4962.000000
5046.000000
4862.000000
5182.000000
4997.000000
4861.000000
4960.000000
5193.000000
4918.000000
1821.000000
6616.000000
6388.000000
4530.000000
4663.000000
5330.000000
4711.000000
5133.000000
4998.000000
4898.000000
4965.000000
4963.000000
4878.000000
4958.000000
5000.000000
5051.000000
5006.000000
4841.000000
4937.000000
5014.000000
5472.000000
1846.000000
6124.000000
6101.000000
4572.000000
4704.000000
5272.000000
5062.000000
5144.000000
4912.000000
4926.000000
5024.000000
4970.000000
4865.000000
5028.000000
5019.000000
5105.000000
5360.000000
4906.000000
4919.000000
4980.000000
4854.000000
1979.000000
6206.000000
6109.000000
4437.000000
4796.000000
5275.000000
4964.000000
5430.000000
4987.000000
5007.000000
4951.000000
4814.000000
4965.000000
4956.000000
4952.000000
5131.000000
5416.000000
4661.000000
4947.000000
4984.000000
4920.000000
1932.000000
6107.000000
6084.000000
4573.000000
4713.000000
5363.000000
5019.000000
5068.000000
5427.000000
4784.000000
4948.000000
4998.000000
5055.000000
4953.000000
5010.000000
5044.000000
5398.000000
4841.000000
4951.000000
4994.000000
4930.000000
2009.000000
6289.000000
6100.000000
4375.000000
4756.000000
5276.000000
5016.000000
5125.000000
5041.000000
4930.000000
4938.000000
4872.000000
4955.000000
4955.000000
4927.000000
5230.000000
5419.000000
4724.000000
4960.000000
5014.000000
5383.000000
1792.000000
6123.000000
6097.000000
4462.000000
4737.000000
5280.000000
4949.000000
5187.000000
5034.000000
4833.000000
5032.000000
4821.000000
5100.000000
5002.000000
4866.000000
5165.000000
5354.000000
4825.000000
5093.000000
4893.000000
5087.000000
1924.000000
6009.000000
6124.000000
4461.000000
4782.000000
5286.000000
5009.000000
5137.000000
5072.000000
4907.000000
4808.000000
4889.000000
4945.000000
5068.000000
5045.000000
5109.000000
5300.000000
4815.000000
5119.000000
4956.000000
5044.000000
1930.000000
6088.000000
6418.000000
4598.000000
4781.000000
5480.000000
5121.000000
5137.000000
5094.000000
4798.000000
4932.000000
5014.000000
4963.000000
4786.000000
4974.000000
5109.000000
5413.000000
4855.000000
4846.000000
5083.000000
5241.000000
1958.000000
5986.000000
6214.000000
4494.000000
4684.000000
5377.000000
4956.000000
5226.000000
5069.000000
4850.000000
4842.000000
5016.000000
4978.000000
4903.000000
5005.000000
5040.000000
5413.000000
4850.000000
4949.000000
5140.000000
4946.000000
1924.000000
5865.000000
6175.000000
4442.000000
4813.000000
5205.000000
5001.000000
5045.000000
5339.000000
4997.000000
4929.000000
4877.000000
5045.000000
4990.000000
4949.000000
5259.000000
5320.000000
4811.000000
5053.000000
5056.000000
5023.000000
1873.000000
5940.000000
6055.000000
4469.000000
4782.000000
5228.000000
5103.000000
5126.000000
5038.000000
4794.000000
5092.000000
4841.000000
4964.000000
5007.000000
4984.000000
5164.000000
5293.000000
4865.000000
4896.000000
5129.000000
5106.000000
1975.000000
6070.000000
6140.000000
4610.000000
4606.000000
5363.000000
4982.000000
5145.000000
5060.000000
4813.000000
5059.000000
4945.000000
4522.000000
5008.000000
4835.000000
4911.000000
5278.000000
4892.000000
