24623.000000
46.000000
11952.000000
11217.000000
11239.000000
11353.000000
11224.000000
11446.000000
11504.000000
14421.000000
9383.000000
2158.000000
13082.000000
19398.000000
14115.000000
8685.000000
11760.000000
11206.000000
11319.000000
11107.000000
11453.000000
5365.000000
4891.000000
5400.000000
4684.000000
4937.000000
4740.000000
6854.000000
2837.000000
4797.000000
11598.000000
1336.000000
1302.000000
6276.000000
7637.000000
11596.000000
388.000000
2542.000000
4704.000000
5155.000000
4878.000000
5076.000000
4686.000000
5257.000000
5020.000000
4731.000000
5026.000000
4921.000000
5068.000000
5102.000000
5048.000000
9737.000000
2152.000000
1278.000000
6613.000000
6440.000000
9765.000000
569.000000
3211.000000
4975.000000
5266.000000
4771.000000
5258.000000
5090.000000
4938.000000
5064.000000
4866.000000
5017.000000
4787.000000
4956.000000
4970.000000
4995.000000
9647.000000
1323.000000
1222.000000
6516.000000
6079.000000
10033.000000
376.000000
4588.000000
5126.000000
5320.000000
4887.000000
5325.000000
5044.000000
5147.000000
4709.000000
4657.000000
5028.000000
4876.000000
5026.000000
4948.000000
5049.000000
9783.000000
1320.000000
1200.000000
6634.000000
6038.000000
9790.000000
373.000000
4095.000000
4982.000000
5289.000000
4894.000000
5243.000000
5068.000000
5077.000000
4822.000000
4893.000000
5046.000000
4915.000000
4874.000000
4992.000000
5056.000000
7410.000000
2439.000000
1962.000000
6532.000000
6127.000000
7246.000000
2103.000000
4953.000000
4956.000000
5008.000000
4887.000000
5167.000000
5003.000000
5158.000000
4769.000000
4867.000000
4897.000000
4924.000000
5039.000000
4940.000000
4983.000000
7292.000000
2661.000000
2003.000000
6605.000000
6115.000000
7040.000000
2378.000000
5258.000000
4982.000000
5008.000000
4833.000000
5216.000000
4980.000000
5168.000000
4635.000000
4865.000000
5055.000000
4909.000000
5307.000000
5824.000000
5113.000000
7016.000000
2687.000000
1944.000000
6491.000000
6678.000000
6776.000000
2732.000000
5253.000000
4977.000000
4968.000000
4886.000000
5129.000000
5092.000000
5426.000000
4811.000000
4804.000000
4938.000000
4909.000000
5033.000000
4966.000000
5134.000000
7083.000000
2641.000000
1915.000000
6613.000000
6356.000000
6847.000000
2507.000000
4952.000000
4935.000000
5015.000000
4904.000000
5174.000000
5183.000000
5080.000000
4754.000000
4916.000000
4631.000000
4920.000000
4964.000000
4948.000000
4951.000000
7350.000000
2482.000000
2006.000000
6502.000000
6200.000000
7149.000000
2482.000000
4897.000000
5000.000000
4936.000000
4862.000000
5178.000000
5021.000000
5102.000000
4819.000000
4956.000000
4906.000000
4912.000000
4881.000000
4976.000000
4884.000000
7350.000000
2528.000000
1981.000000
6606.000000
6091.000000
7152.000000
2351.000000
4805.000000
5205.000000
4985.000000
4765.000000
5192.000000
5064.000000
5111.000000
4715.000000
4903.000000
5021.000000
4869.000000
4995.000000
4961.000000
4994.000000
7351.000000
2502.000000
1905.000000
6591.000000
6156.000000
7118.000000
2083.000000
4947.000000
5001.000000
5316.000000
4760.000000
5252.000000
4992.000000
5228.000000
4660.000000
4937.000000
5083.000000
4911.000000
4963.000000
4937.000000
5094.000000
7369.000000
2480.000000
1839.000000
6547.000000
6218.000000
6932.000000
2525.000000
5007.000000
4775.000000
5472.000000
4741.000000
5209.000000
5069.000000
5130.000000
4767.000000
4894.000000
4959.000000
4929.000000
4969.000000
5020.000000
5029.000000
7275.000000
2596.000000
1990.000000
6755.000000
6153.000000
7134.000000
2412.000000
4920.000000
4861.000000
5489.000000
4665.000000
5325.000000
5054.000000
4697.000000
4853.000000
4945.000000
5021.000000
4969.000000
5008.000000
4975.000000
5062.000000
7354.000000
2490.000000
2165.000000
6890.000000
6145.000000
7078.000000
2293.000000
4930.000000
4986.000000
5047.000000
4792.000000
5403.000000
5062.000000
5174.000000
4921.000000
4949.000000
5039.000000
4961.000000
5041.000000
5000.000000
4970.000000
7425.000000
2525.000000
2191.000000
6916.000000
6107.000000
7281.000000
2354.000000
4994.000000
5092.000000
5062.000000
4896.000000
5322.000000
5100.000000
5151.000000
5063.000000
4959.000000
4975.000000
4948.000000
5033.000000
4937.000000
4994.000000
5081.000000
4919.000000
2068.000000
6919.000000
6084.000000
5024.000000
4870.000000
4880.000000
5056.000000
5059.000000
4859.000000
5254.000000
5030.000000
5142.000000
5456.000000
4914.000000
5091.000000
4919.000000
5053.000000
4961.000000
4977.000000
5156.000000
5036.000000
2102.000000
6961.000000
6121.000000
5047.000000
4866.000000
4987.000000
5046.000000
4981.000000
4863.000000
5204.000000
5082.000000
5192.000000
5032.000000
4985.000000
4970.000000
4879.000000
4958.000000
4979.000000
4987.000000
5071.000000
4982.000000
2157.000000
6838.000000
6120.000000
4901.000000
4901.000000
4442.000000
5251.000000
4998.000000
4825.000000
5236.000000
4986.000000
5173.000000
5069.000000
4891.000000
4913.000000
4941.000000
4981.000000
5293.000000
5022.000000
5215.000000
5054.000000
2061.000000
6837.000000
6037.000000
5304.000000
4828.000000
4930.000000
5237.000000
4935.000000
4767.000000
5206.000000
5028.000000
5068.000000
5145.000000
4802.000000
4893.000000
4936.000000
5002.000000
5262.000000
4984.000000
5129.000000
5040.000000
2138.000000
6974.000000
6104.000000
5010.000000
4741.000000
4971.000000
5275.000000
4951.000000
4833.000000
5191.000000
5025.000000
5083.000000
5035.000000
4939.000000
4987.000000
4935.000000
4972.000000
5318.000000
4864.000000
5214.000000
5035.000000
2064.000000
6985.000000
6127.000000
4963.000000
4800.000000
5344.000000
4920.000000
4971.000000
4776.000000
5294.000000
5017.000000
5134.000000
5341.000000
4935.000000
4976.000000
4919.000000
4972.000000
5200.000000
4984.000000
5279.000000
4977.000000
1918.000000
6797.000000
6198.000000
5089.000000
4866.000000
5032.000000
5068.000000
5087.000000
4863.000000
5356.000000
5080.000000
5204.000000
5103.000000
4894.000000
5047.000000
4844.000000
5085.000000
5014.000000
4926.000000
5377.000000
4859.000000
2006.000000
6913.000000
6108.000000
5010.000000
4894.000000
4963.000000
5256.000000
5076.000000
4777.000000
5289.000000
5052.000000
5155.000000
5024.000000
4866.000000
4888.000000
4984.000000
5011.000000
4992.000000
4936.000000
4946.000000
5015.000000
1957.000000
6823.000000
6065.000000
4979.000000
4823.000000
4899.000000
4978.000000
5109.000000
4812.000000
5176.000000
5058.000000
5123.000000
5024.000000
4942.000000
4918.000000
4969.000000
5001.000000
5003.000000
4992.000000
5139.000000
5010.000000
2038.000000
6721.000000
6212.000000
4985.000000
4709.000000
4995.000000
4874.000000
5012.000000
4817.000000
5327.000000
4580.000000
5132.000000
5051.000000
4855.000000
5006.000000
4838.000000
4877.000000
4997.000000
4976.000000
5265.000000
5014.000000
1955.000000
6796.000000
6139.000000
4981.000000
4703.000000
5301.000000
4833.000000
5010.000000
4856.000000
5300.000000
4548.000000
5139.000000
5504.000000
5876.000000
4978.000000
4813.000000
4991.000000
4887.000000
5036.000000
5404.000000
5011.000000
2008.000000
6665.000000
6532.000000
4798.000000
4870.000000
4403.000000
5084.000000
4603.000000
4775.000000
5296.000000
4614.000000
5013.000000
5123.000000
5000.000000
4948.000000
5015.000000
4918.000000
5033.000000
5048.000000
5126.000000
4928.000000
1874.000000
6802.000000
6462.000000
4878.000000
4897.000000
4335.000000
5300.000000
4469.000000
4789.000000
5164.000000
4559.000000
4956.000000
5049.000000
4820.000000
4958.000000
5008.000000
4961.000000
4934.000000
5024.000000
5259.000000
4833.000000
1885.000000
6785.000000
6512.000000
4866.000000
4900.000000
4958.000000
4911.000000
4574.000000
4761.000000
5284.000000
4532.000000
5398.000000
5434.000000
4794.000000
5060.000000
4901.000000
5094.000000
4953.000000
5031.000000
5057.000000
4936.000000
1935.000000
6778.000000
6449.000000
5065.000000
4884.000000
4589.000000
5076.000000
4545.000000
4846.000000
5369.000000
4630.000000
5093.000000
5059.000000
4961.000000
5029.000000
4857.000000
5028.000000
5096.000000
5414.000000
5298.000000
4750.000000
1923.000000
7109.000000
6232.000000
5347.000000
4860.000000
5000.000000
5065.000000
4428.000000
4959.000000
5168.000000
4635.000000
4948.000000
5014.000000
4925.000000
4853.000000
4985.000000
4970.000000
4886.000000
4960.000000
5248.000000
5019.000000
1957.000000
6971.000000
6234.000000
4895.000000
4887.000000
4932.000000
4994.000000
4401.000000
4885.000000
5140.000000
4555.000000
5023.000000
5112.000000
4890.000000
4945.000000
4897.000000
4970.000000
4866.000000
4893.000000
5256.000000
4980.000000
1954.000000
7062.000000
6055.000000
4966.000000
4754.000000
4975.000000
4965.000000
4460.000000
4811.000000
5161.000000
4576.000000
5076.000000
5048.000000
4830.000000
5008.000000
4911.000000
4822.000000
5019.000000
4957.000000
5200.000000
4950.000000
2043.000000
6942.000000
6094.000000
5004.000000
4996.000000
4931.000000
5043.000000
4433.000000
4801.000000
5280.000000
4593.000000
5038.000000
5361.000000
4925.000000
5002.000000
4789.000000
4978.000000
5018.000000
4976.000000
5199.000000
4842.000000
2135.000000
6786.000000
6064.000000
4975.000000
5008.000000
4978.000000
4881.000000
4480.000000
4825.000000
5220.000000
5064.000000
5031.000000
5141.000000
4851.000000
5007.000000
4802.000000
5035.000000
4938.000000
4980.000000
5124.000000
4980.000000
2027.000000
6606.000000
6180.000000
5223.000000
4931.000000
4393.000000
4935.000000
4572.000000
4723.000000
5270.000000
5059.000000
5099.000000
5083.000000
4944.000000
4893.000000
4877.000000
5084.000000
4913.000000
5020.000000
5026.000000
5525.000000
1911.000000
6672.000000
5923.000000
5000.000000
4793.000000
4409.000000
4957.000000
4506.000000
4868.000000
5191.000000
5005.000000
5485.000000
5044.000000
4915.000000
4916.000000
4837.000000
5026.000000
4931.000000
5021.000000
5076.000000
5378.000000
1972.000000
6584.000000
6008.000000
4970.000000
4731.000000
4463.000000
4960.000000
4553.000000
4843.000000
5195.000000
4967.000000
5114.000000
5492.000000
4882.000000
4909.000000
4947.000000
5033.000000
4940.000000
5024.000000
4970.000000
5520.000000
1945.000000
6713.000000
6026.000000
5025.000000
4850.000000
4443.000000
4950.000000
4514.000000
4773.000000
5228.000000
5097.000000
5134.000000
5135.000000
4895.000000
4888.000000
4806.000000
5043.000000
4835.000000
4980.000000
5121.000000
5360.000000
2005.000000
6695.000000
6030.000000
5313.000000
4838.000000
4333.000000
4962.000000
4366.000000
4879.000000
5255.000000
5038.000000
5148.000000
5121.000000
4841.000000
4871.000000
4960.000000
5008.000000
4869.000000
5005.000000
5189.000000
5387.000000
1947.000000
6754.000000
5998.000000
4956.000000
4865.000000
4342.000000
5063.000000
4454.000000
4868.000000
5158.000000
4991.000000
5181.000000
5083.000000
4862.000000
4843.000000
4964.000000
4994.000000
4947.000000
5031.000000
4970.000000
5482.000000
1949.000000
6812.000000
6104.000000
4970.000000
4790.000000
4429.000000
5334.000000
4449.000000
4991.000000
5306.000000
5133.000000
5043.000000
5211.000000
4929.000000
4793.000000
4943.000000
4974.000000
4957.000000
4990.000000
5062.000000
5365.000000
1936.000000
6587.000000
6058.000000
5418.000000
4778.000000
4279.000000
4997.000000
4546.000000
4795.000000
5219.000000
5124.000000
5096.000000
5084.000000
4867.000000
4817.000000
5048.000000
5002.000000
4954.000000
5015.000000
5044.000000
5263.000000
2039.000000
6786.000000
6083.000000
4900.000000
4839.000000
4247.000000
5023.000000
4486.000000
4729.000000
5164.000000
5120.000000
5074.000000
5340.000000
4976.000000
4771.000000
5001.000000
5034.000000
4991.000000
5034.000000
5185.000000
5366.000000
1998.000000
6670.000000
6164.000000
4913.000000
4642.000000
4333.000000
5077.000000
4488.000000
4782.000000
5114.000000
5013.000000
5114.000000
5106.000000
5017.000000
4924.000000
4975.000000
4977.000000
4939.000000
4972.000000
5148.000000
5356.000000
1940.000000
6649.000000
6166.000000
5170.000000
4848.000000
4390.000000
4984.000000
4552.000000
4642.000000
5318.000000
5062.000000
5103.000000
5100.000000
4887.000000
4820.000000
5059.000000
4645.000000
4821.000000
4998.000000
4799.000000
5269.000000
2053.000000
