24393.000000
45.000000
11945.000000
12638.000000
11144.000000
11373.000000
11272.000000
11472.000000
11422.000000
3575.000000
10105.000000
21259.000000
11337.000000
10707.000000
11879.000000
12577.000000
11534.000000
11394.000000
11134.000000
11207.000000
11653.000000
4571.000000
4727.000000
5314.000000
4974.000000
4846.000000
4783.000000
4794.000000
4784.000000
4900.000000
3489.000000
3502.000000
9722.000000
4714.000000
6491.000000
4907.000000
4990.000000
4770.000000
4814.000000
5031.000000
7167.000000
2928.000000
4755.000000
4961.000000
4745.000000
4811.000000
5158.000000
4934.000000
5027.000000
5103.000000
5050.000000
3888.000000
3324.000000
8859.000000
4971.000000
4908.000000
4841.000000
4599.000000
4468.000000
5109.000000
5188.000000
4823.000000
5327.000000
4993.000000
4970.000000
4932.000000
5082.000000
4948.000000
4955.000000
4855.000000
4895.000000
5150.000000
3844.000000
3235.000000
7624.000000
4899.000000
4981.000000
4972.000000
4859.000000
5388.000000
4875.000000
5508.000000
4763.000000
5313.000000
5114.000000
4978.000000
4688.000000
4861.000000
4887.000000
5025.000000
4936.000000
5066.000000
4991.000000
3841.000000
3236.000000
7878.000000
4946.000000
4944.000000
4995.000000
4637.000000
4845.000000
4968.000000
5262.000000
4821.000000
5232.000000
5132.000000
4871.000000
4838.000000
5079.000000
5010.000000
4932.000000
4908.000000
5002.000000
5022.000000
3801.000000
3332.000000
7259.000000
5003.000000
4825.000000
4964.000000
4739.000000
4902.000000
5033.000000
4968.000000
4775.000000
5193.000000
5075.000000
4798.000000
4811.000000
5080.000000
4921.000000
4903.000000
5057.000000
4924.000000
4977.000000
3818.000000
3451.000000
7273.000000
5006.000000
4878.000000
4992.000000
4679.000000
5222.000000
4993.000000
4953.000000
4839.000000
5393.000000
5020.000000
4753.000000
4764.000000
4987.000000
5003.000000
4993.000000
5015.000000
5788.000000
5116.000000
3803.000000
3342.000000
7380.000000
4898.000000
5264.000000
4929.000000
4827.000000
5207.000000
5011.000000
4939.000000
4802.000000
5170.000000
5203.000000
5148.000000
4633.000000
5124.000000
4965.000000
4919.000000
5053.000000
4891.000000
5142.000000
3842.000000
3306.000000
7445.000000
4995.000000
4950.000000
4865.000000
4596.000000
4950.000000
4995.000000
4995.000000
4840.000000
5190.000000
5225.000000
4934.000000
4673.000000
5042.000000
5034.000000
4806.000000
5074.000000
4897.000000
4899.000000
3903.000000
3311.000000
7231.000000
5128.000000
4932.000000
4882.000000
4849.000000
4824.000000
5112.000000
4969.000000
4796.000000
5149.000000
5117.000000
4849.000000
4815.000000
5142.000000
4856.000000
4958.000000
4958.000000
4868.000000
5019.000000
3838.000000
3274.000000
7298.000000
4998.000000
4945.000000
4926.000000
4634.000000
4806.000000
5214.000000
4957.000000
4837.000000
5189.000000
5046.000000
4937.000000
4633.000000
5053.000000
5115.000000
4985.000000
4952.000000
4955.000000
4982.000000
3822.000000
3323.000000
7184.000000
4988.000000
4959.000000
4844.000000
4595.000000
4854.000000
5026.000000
5299.000000
4801.000000
5226.000000
5104.000000
4791.000000
4742.000000
5181.000000
5042.000000
4951.000000
5000.000000
4947.000000
5023.000000
3848.000000
3287.000000
7139.000000
5105.000000
4901.000000
4785.000000
4875.000000
4970.000000
4894.000000
5369.000000
4822.000000
5255.000000
5099.000000
4879.000000
4621.000000
5124.000000
4952.000000
4966.000000
4993.000000
4986.000000
5021.000000
3772.000000
3378.000000
7568.000000
4999.000000
4907.000000
4930.000000
4865.000000
4762.000000
5062.000000
5370.000000
4773.000000
5169.000000
5081.000000
4574.000000
4778.000000
5161.000000
5025.000000
4969.000000
5044.000000
4869.000000
5033.000000
3959.000000
3292.000000
7721.000000
5049.000000
4933.000000
4933.000000
4665.000000
4891.000000
4957.000000
5116.000000
4853.000000
5289.000000
5201.000000
4818.000000
4936.000000
5194.000000
5017.000000
4999.000000
5096.000000
4941.000000
4999.000000
3826.000000
3411.000000
7738.000000
5030.000000
4990.000000
5044.000000
4716.000000
4966.000000
5050.000000
5040.000000
4950.000000
5349.000000
5113.000000
4971.000000
5094.000000
4992.000000
4990.000000
5038.000000
5006.000000
4913.000000
5032.000000
3854.000000
3291.000000
7829.000000
5040.000000
4920.000000
4996.000000
5041.000000
4937.000000
5042.000000
4974.000000
4891.000000
5189.000000
5251.000000
4808.000000
5415.000000
5176.000000
5033.000000
4869.000000
5133.000000
4866.000000
5000.000000
3929.000000
3312.000000
7942.000000
5191.000000
4905.000000
5039.000000
5025.000000
4992.000000
5049.000000
4972.000000
4889.000000
5170.000000
5190.000000
4910.000000
5035.000000
5082.000000
5069.000000
4898.000000
5025.000000
4975.000000
4940.000000
3823.000000
3261.000000
8048.000000
5031.000000
4759.000000
5043.000000
4953.000000
4466.000000
5195.000000
5015.000000
4788.000000
5276.000000
5106.000000
4867.000000
5071.000000
5071.000000
5007.000000
4831.000000
5017.000000
5276.000000
5024.000000
3871.000000
3380.000000
8068.000000
4941.000000
4739.000000
5307.000000
5061.000000
4936.000000
5183.000000
4952.000000
4751.000000
5249.000000
5035.000000
4862.000000
5055.000000
5034.000000
4989.000000
4868.000000
5023.000000
5187.000000
5028.000000
3887.000000
3261.000000
8159.000000
4991.000000
4961.000000
5010.000000
4912.000000
4904.000000
5340.000000
4854.000000
4884.000000
5221.000000
5097.000000
4831.000000
5082.000000
4966.000000
5094.000000
4796.000000
5165.000000
5295.000000
4963.000000
3727.000000
3356.000000
8073.000000
5069.000000
4924.000000
4918.000000
5013.000000
5323.000000
4847.000000
5035.000000
4778.000000
5319.000000
5081.000000
4781.000000
5468.000000
5065.000000
4998.000000
4892.000000
5033.000000
5252.000000
4971.000000
3815.000000
3289.000000
7817.000000
4980.000000
4937.000000
5187.000000
5048.000000
5008.000000
5071.000000
5021.000000
4900.000000
5263.000000
5214.000000
4928.000000
5116.000000
5142.000000
4990.000000
4995.000000
5051.000000
4800.000000
5127.000000
3800.000000
3517.000000
7678.000000
5028.000000
4877.000000
5102.000000
5098.000000
4820.000000
5414.000000
4971.000000
4929.000000
5264.000000
5060.000000
4809.000000
5133.000000
4970.000000
4972.000000
4965.000000
5078.000000
4882.000000
5009.000000
3557.000000
3401.000000
7629.000000
5118.000000
4975.000000
4987.000000
4964.000000
4911.000000
4940.000000
4980.000000
4878.000000
5223.000000
5116.000000
4852.000000
5003.000000
5138.000000
5056.000000
4877.000000
4910.000000
5059.000000
4992.000000
3944.000000
3295.000000
7710.000000
5100.000000
4865.000000
5100.000000
4919.000000
4887.000000
4828.000000
5130.000000
4752.000000
5307.000000
4588.000000
4958.000000
5012.000000
5100.000000
4924.000000
4974.000000
4961.000000
4863.000000
4933.000000
4003.000000
3282.000000
7683.000000
5229.000000
4839.000000
4987.000000
4922.000000
5192.000000
4931.000000
4962.000000
4856.000000
5215.000000
4701.000000
4948.000000
5457.000000
6097.000000
4979.000000
4918.000000
4967.000000
4797.000000
4998.000000
4117.000000
3319.000000
7668.000000
5145.000000
4759.000000
5031.000000
4917.000000
4529.000000
4966.000000
4606.000000
4726.000000
5385.000000
4666.000000
4828.000000
5116.000000
5024.000000
5106.000000
4967.000000
4925.000000
4985.000000
5086.000000
3806.000000
3290.000000
7792.000000
5189.000000
4873.000000
4938.000000
5023.000000
4375.000000
5284.000000
4512.000000
4784.000000
5196.000000
4539.000000
4734.000000
5086.000000
4985.000000
5024.000000
4980.000000
5044.000000
4828.000000
5133.000000
3792.000000
3305.000000
7734.000000
5206.000000
4872.000000
5043.000000
5010.000000
4855.000000
4916.000000
4619.000000
4703.000000
5347.000000
4612.000000
5142.000000
5418.000000
4938.000000
5015.000000
5050.000000
5078.000000
4907.000000
5043.000000
3787.000000
3333.000000
7861.000000
5078.000000
4896.000000
5055.000000
5128.000000
4472.000000
5154.000000
4570.000000
4951.000000
5191.000000
4623.000000
5009.000000
5101.000000
5111.000000
5006.000000
4852.000000
5121.000000
5057.000000
5243.000000
4010.000000
3364.000000
7777.000000
5399.000000
4938.000000
5466.000000
5023.000000
4976.000000
4983.000000
4445.000000
4911.000000
5339.000000
4552.000000
4793.000000
4966.000000
5055.000000
4995.000000
4943.000000
4979.000000
4918.000000
5047.000000
3828.000000
3226.000000
7689.000000
5384.000000
4907.000000
4994.000000
5006.000000
4981.000000
4895.000000
4596.000000
4806.000000
5212.000000
4559.000000
4836.000000
5023.000000
5099.000000
4928.000000
4899.000000
5035.000000
4883.000000
4807.000000
3936.000000
3254.000000
7700.000000
5403.000000
4728.000000
5015.000000
5033.000000
4891.000000
4977.000000
4498.000000
4802.000000
5222.000000
4611.000000
4836.000000
5011.000000
4954.000000
5011.000000
4892.000000
4976.000000
4914.000000
4969.000000
3903.000000
3295.000000
7687.000000
5387.000000
4857.000000
4905.000000
5227.000000
4982.000000
4944.000000
4474.000000
4829.000000
5224.000000
4589.000000
4878.000000
5398.000000
4971.000000
5073.000000
4918.000000
4987.000000
4890.000000
5011.000000
3856.000000
3261.000000
7818.000000
5039.000000
4908.000000
4911.000000
5273.000000
4907.000000
4886.000000
4523.000000
4819.000000
5190.000000
5030.000000
4846.000000
5083.000000
5039.000000
5009.000000
4956.000000
4977.000000
4909.000000
4981.000000
3821.000000
3294.000000
7846.000000
4980.000000
4805.000000
5302.000000
5007.000000
4333.000000
5075.000000
4486.000000
4707.000000
5265.000000
5130.000000
4861.000000
5036.000000
5109.000000
5004.000000
4901.000000
5032.000000
4952.000000
4968.000000
3857.000000
3471.000000
7900.000000
4939.000000
4834.000000
4912.000000
4942.000000
4427.000000
4987.000000
4575.000000
4763.000000
5271.000000
5007.000000
5174.000000
5034.000000
5081.000000
4894.000000
4972.000000
5004.000000
4913.000000
4960.000000
3892.000000
3385.000000
7791.000000
5054.000000
4782.000000
4979.000000
4993.000000
4361.000000
4986.000000
4523.000000
4842.000000
5206.000000
5100.000000
4837.000000
5381.000000
5065.000000
5027.000000
4788.000000
5107.000000
4997.000000
4998.000000
3820.000000
3420.000000
7929.000000
4975.000000
4847.000000
5026.000000
5030.000000
4502.000000
4996.000000
4462.000000
4785.000000
5232.000000
5070.000000
4881.000000
5078.000000
5096.000000
4948.000000
4883.000000
4969.000000
4915.000000
4972.000000
3786.000000
3472.000000
7956.000000
4965.000000
4878.000000
5248.000000
4974.000000
4258.000000
5057.000000
4497.000000
4733.000000
5277.000000
5096.000000
4889.000000
5071.000000
5040.000000
4934.000000
4917.000000
5036.000000
4940.000000
4999.000000
3863.000000
3416.000000
7964.000000
4929.000000
4931.000000
4973.000000
5044.000000
4243.000000
5000.000000
4592.000000
4772.000000
5230.000000
5070.000000
4885.000000
5020.000000
5050.000000
4936.000000
4904.000000
4980.000000
4942.000000
5043.000000
3777.000000
3431.000000
8009.000000
5066.000000
4898.000000
4940.000000
5044.000000
4345.000000
5369.000000
4573.000000
4752.000000
5328.000000
5249.000000
4929.000000
5035.000000
5171.000000
4892.000000
4917.000000
4999.000000
4817.000000
4997.000000
3853.000000
3373.000000
7868.000000
5052.000000
4799.000000
5347.000000
4940.000000
4353.000000
5010.000000
4527.000000
4644.000000
5375.000000
5091.000000
4914.000000
5028.000000
5111.000000
4937.000000
4886.000000
5009.000000
5005.000000
4887.000000
3855.000000
3390.000000
7868.000000
5174.000000
4848.000000
4986.000000
4832.000000
4399.000000
4969.000000
4470.000000
4684.000000
5222.000000
5189.000000
4851.000000
5358.000000
5059.000000
4934.000000
4853.000000
4995.000000
5009.000000
5033.000000
3931.000000
3440.000000
8001.000000
4962.000000
4897.000000
4976.000000
4775.000000
4423.000000
5006.000000
4423.000000
4827.000000
5226.000000
5051.000000
4854.000000
5105.000000
5066.000000
4980.000000
4891.000000
5061.000000
4959.000000
5012.000000
3833.000000
3421.000000
7832.000000
5004.000000
4921.000000
5223.000000
4883.000000
4508.000000
5040.000000
4448.000000
4801.000000
5153.000000
5174.000000
4752.000000
5084.000000
5151.000000
4881.000000
4970.000000
4635.000000
4965.000000
4987.000000
3400.000000
3465.000000
7961.000000
