16277.000000
45.000000
13673.000000
19780.000000
11176.000000
11333.000000
11383.000000
11194.000000
11657.000000
10675.000000
11680.000000
12458.000000
11515.000000
10537.000000
11974.000000
12506.000000
11515.000000
11363.000000
11352.000000
11194.000000
11339.000000
4696.000000
2432.000000
6494.000000
6251.000000
4678.000000
7079.000000
4895.000000
2528.000000
6972.000000
2424.000000
6970.000000
7335.000000
2703.000000
6398.000000
4823.000000
5021.000000
7031.000000
2605.000000
5106.000000
4806.000000
5042.000000
4880.000000
2279.000000
6283.000000
6015.000000
5124.000000
4845.000000
5231.000000
4985.000000
5122.000000
4850.000000
4768.000000
6454.000000
4961.000000
4845.000000
4851.000000
4702.000000
4410.000000
4959.000000
5296.000000
4831.000000
5197.000000
5228.000000
2190.000000
6430.000000
6174.000000
5033.000000
4864.000000
5066.000000
4880.000000
5072.000000
4830.000000
4934.000000
5021.000000
4802.000000
4974.000000
4994.000000
4825.000000
5303.000000
5089.000000
5339.000000
4823.000000
5339.000000
5075.000000
2302.000000
6147.000000
5938.000000
5102.000000
4956.000000
5034.000000
4851.000000
5132.000000
4760.000000
4738.000000
5388.000000
5178.000000
4818.000000
4883.000000
4692.000000
4788.000000
4956.000000
5404.000000
4764.000000
5228.000000
5098.000000
2241.000000
6351.000000
6150.000000
5085.000000
4884.000000
5044.000000
4919.000000
5061.000000
4818.000000
4745.000000
4785.000000
4964.000000
4894.000000
4927.000000
4758.000000
4825.000000
5039.000000
5010.000000
4701.000000
5349.000000
4970.000000
2271.000000
6329.000000
6073.000000
5096.000000
4900.000000
4936.000000
4828.000000
5086.000000
4929.000000
4728.000000
5017.000000
4957.000000
4748.000000
5029.000000
4794.000000
5196.000000
5014.000000
4999.000000
4810.000000
5209.000000
4940.000000
2350.000000
6194.000000
6142.000000
5017.000000
4895.000000
4997.000000
5838.000000
5153.000000
4849.000000
4783.000000
4860.000000
5014.000000
5086.000000
5007.000000
4695.000000
5385.000000
4830.000000
5095.000000
4796.000000
5057.000000
5123.000000
2510.000000
6397.000000
6068.000000
5044.000000
4855.000000
5124.000000
4886.000000
5088.000000
4824.000000
4796.000000
5140.000000
4995.000000
4749.000000
4891.000000
4706.000000
4947.000000
4901.000000
5092.000000
4810.000000
5243.000000
5130.000000
2297.000000
6240.000000
6211.000000
4864.000000
4959.000000
4961.000000
4804.000000
5191.000000
4716.000000
4728.000000
4910.000000
5064.000000
4793.000000
4952.000000
4921.000000
4852.000000
5127.000000
4943.000000
4702.000000
5240.000000
5071.000000
2270.000000
6266.000000
6338.000000
4811.000000
4898.000000
4970.000000
4953.000000
5043.000000
4816.000000
4726.000000
4852.000000
5032.000000
4704.000000
5100.000000
4532.000000
4869.000000
5192.000000
4975.000000
4833.000000
5218.000000
5092.000000
2238.000000
6231.000000
6197.000000
4952.000000
5033.000000
4969.000000
4825.000000
5031.000000
4852.000000
4793.000000
4875.000000
5006.000000
4870.000000
4877.000000
4497.000000
4910.000000
4968.000000
5383.000000
4724.000000
5127.000000
5238.000000
2262.000000
6265.000000
6206.000000
5061.000000
4856.000000
4961.000000
4967.000000
5168.000000
4796.000000
4771.000000
4776.000000
5053.000000
4711.000000
4835.000000
4956.000000
4908.000000
4915.000000
5325.000000
4904.000000
5176.000000
5012.000000
2396.000000
6182.000000
6138.000000
4950.000000
4992.000000
4984.000000
5012.000000
5036.000000
4778.000000
4848.000000
5110.000000
5030.000000
4801.000000
4894.000000
4872.000000
4978.000000
5006.000000
5151.000000
4944.000000
5143.000000
5147.000000
2209.000000
5842.000000
6286.000000
5128.000000
5011.000000
4998.000000
4955.000000
5093.000000
4734.000000
4939.000000
5080.000000
5090.000000
4886.000000
4980.000000
4649.000000
4901.000000
4940.000000
5202.000000
4904.000000
5088.000000
5236.000000
2320.000000
6409.000000
6320.000000
5003.000000
4983.000000
5039.000000
4903.000000
5069.000000
4888.000000
4899.000000
5204.000000
5047.000000
4958.000000
5061.000000
4788.000000
4966.000000
5078.000000
4944.000000
5022.000000
5177.000000
5253.000000
2325.000000
6620.000000
6253.000000
4926.000000
4813.000000
5154.000000
4921.000000
4988.000000
4900.000000
4869.000000
5151.000000
5200.000000
4697.000000
5188.000000
4999.000000
4948.000000
4846.000000
5240.000000
4842.000000
5207.000000
5126.000000
2268.000000
6800.000000
6274.000000
5117.000000
4936.000000
4939.000000
5052.000000
5051.000000
4817.000000
5205.000000
5109.000000
5201.000000
4763.000000
5061.000000
5134.000000
5012.000000
4968.000000
5046.000000
4767.000000
5245.000000
5219.000000
2246.000000
6730.000000
6209.000000
4950.000000
4872.000000
4997.000000
4943.000000
4983.000000
4762.000000
5152.000000
5213.000000
5073.000000
4763.000000
4873.000000
5139.000000
4424.000000
5179.000000
4986.000000
4909.000000
5091.000000
5048.000000
2377.000000
6574.000000
6139.000000
4971.000000
4908.000000
4993.000000
5295.000000
5099.000000
4965.000000
5039.000000
5188.000000
5077.000000
4712.000000
5262.000000
5086.000000
5017.000000
5039.000000
5089.000000
4777.000000
5020.000000
5197.000000
2226.000000
6636.000000
6156.000000
4955.000000
4812.000000
4946.000000
5294.000000
4952.000000
4980.000000
5114.000000
5262.000000
5140.000000
4884.000000
4821.000000
5162.000000
4784.000000
5286.000000
5017.000000
4726.000000
5121.000000
5200.000000
2237.000000
6460.000000
6356.000000
4913.000000
4978.000000
4963.000000
5197.000000
5072.000000
4818.000000
5090.000000
5338.000000
5119.000000
4801.000000
5015.000000
4962.000000
5271.000000
4957.000000
4986.000000
4702.000000
5274.000000
5029.000000
2345.000000
6808.000000
6356.000000
4915.000000
4887.000000
5063.000000
5079.000000
5040.000000
4907.000000
5000.000000
5105.000000
5122.000000
4831.000000
5140.000000
5096.000000
4984.000000
4974.000000
5184.000000
4890.000000
5156.000000
5195.000000
2350.000000
6743.000000
6194.000000
4975.000000
4817.000000
5057.000000
5047.000000
4950.000000
5090.000000
4913.000000
5118.000000
5142.000000
4840.000000
5090.000000
4968.000000
4883.000000
5282.000000
5028.000000
4858.000000
5264.000000
5045.000000
2352.000000
6661.000000
6135.000000
4976.000000
4919.000000
5021.000000
4774.000000
5134.000000
4575.000000
5144.000000
4952.000000
5068.000000
4868.000000
4930.000000
5084.000000
4960.000000
4945.000000
5089.000000
4713.000000
5155.000000
5029.000000
2407.000000
6687.000000
6105.000000
5015.000000
4861.000000
4998.000000
4947.000000
5042.000000
4949.000000
5083.000000
4963.000000
5033.000000
4884.000000
5015.000000
5007.000000
4785.000000
4876.000000
5090.000000
4830.000000
5183.000000
4734.000000
2261.000000
6518.000000
6302.000000
4855.000000
4860.000000
5104.000000
4895.000000
4990.000000
4925.000000
5032.000000
5050.000000
5061.000000
4838.000000
5026.000000
4789.000000
5256.000000
4989.000000
5026.000000
4678.000000
5316.000000
4705.000000
2308.000000
6961.000000
7262.000000
4887.000000
4954.000000
4913.000000
4962.000000
4952.000000
5122.000000
5143.000000
4859.000000
5124.000000
4785.000000
4981.000000
4913.000000
4573.000000
4975.000000
4612.000000
4798.000000
5207.000000
4700.000000
2206.000000
6730.000000
6156.000000
5007.000000
4924.000000
4996.000000
5039.000000
5052.000000
4764.000000
5101.000000
5163.000000
5047.000000
4789.000000
5069.000000
5041.000000
4393.000000
5152.000000
4540.000000
4695.000000
5232.000000
4606.000000
2144.000000
6614.000000
6073.000000
4999.000000
4899.000000
5023.000000
4964.000000
5044.000000
4825.000000
4955.000000
5179.000000
5114.000000
4726.000000
5182.000000
4897.000000
4925.000000
4985.000000
4524.000000
4890.000000
5119.000000
4592.000000
2423.000000
6990.000000
6288.000000
4992.000000
4839.000000
5195.000000
4908.000000
5060.000000
4739.000000
5046.000000
5253.000000
5078.000000
4912.000000
4981.000000
5167.000000
4536.000000
5000.000000
4526.000000
5002.000000
5261.000000
4622.000000
2272.000000
6526.000000
6302.000000
4890.000000
5069.000000
5053.000000
5018.000000
5420.000000
4989.000000
5045.000000
5012.000000
5418.000000
4959.000000
5470.000000
5013.000000
5052.000000
4958.000000
4548.000000
4772.000000
5208.000000
4469.000000
2383.000000
6492.000000
6183.000000
4961.000000
4825.000000
5130.000000
4846.000000
4942.000000
4828.000000
5168.000000
4923.000000
5318.000000
4984.000000
5007.000000
5005.000000
4921.000000
4952.000000
4549.000000
4698.000000
5247.000000
4633.000000
2175.000000
6596.000000
6140.000000
4935.000000
4861.000000
4945.000000
4991.000000
4917.000000
4760.000000
5167.000000
4942.000000
5349.000000
4633.000000
5125.000000
5012.000000
4938.000000
4914.000000
4524.000000
4713.000000
5257.000000
4599.000000
2256.000000
6609.000000
6103.000000
4902.000000
4806.000000
4967.000000
4897.000000
4989.000000
4928.000000
5028.000000
4991.000000
5468.000000
4696.000000
4932.000000
5301.000000
4943.000000
4967.000000
4504.000000
4724.000000
5228.000000
4614.000000
2287.000000
6807.000000
6178.000000
5063.000000
4839.000000
5037.000000
4827.000000
5119.000000
4789.000000
5155.000000
4905.000000
5101.000000
4873.000000
5015.000000
5230.000000
4897.000000
4926.000000
4454.000000
4728.000000
5272.000000
5004.000000
2316.000000
6627.000000
6185.000000
4980.000000
4791.000000
4965.000000
4987.000000
4994.000000
4820.000000
5048.000000
4977.000000
5075.000000
4818.000000
5200.000000
5030.000000
4459.000000
4971.000000
4521.000000
4820.000000
5175.000000
5157.000000
2239.000000
6577.000000
6225.000000
4953.000000
4807.000000
4987.000000
4939.000000
5082.000000
4886.000000
5428.000000
4936.000000
4943.000000
4868.000000
4794.000000
5162.000000
4428.000000
4911.000000
4459.000000
4804.000000
5169.000000
5045.000000
2518.000000
6727.000000
6201.000000
4871.000000
4896.000000
4970.000000
4956.000000
5108.000000
4810.000000
5371.000000
4968.000000
4980.000000
4548.000000
5138.000000
4972.000000
4373.000000
4977.000000
4531.000000
4781.000000
5164.000000
5023.000000
2373.000000
6768.000000
6230.000000
5050.000000
4927.000000
4963.000000
4942.000000
5124.000000
4844.000000
5320.000000
4980.000000
5086.000000
4751.000000
5084.000000
4935.000000
4573.000000
4834.000000
4573.000000
4737.000000
5252.000000
5068.000000
2268.000000
6527.000000
6274.000000
4983.000000
4757.000000
4918.000000
4949.000000
4956.000000
4885.000000
5541.000000
4916.000000
4933.000000
4753.000000
5408.000000
4916.000000
4348.000000
4971.000000
4459.000000
4780.000000
5213.000000
5092.000000
2360.000000
6697.000000
6035.000000
4990.000000
4911.000000
4976.000000
4987.000000
5009.000000
4797.000000
5375.000000
5042.000000
5116.000000
4798.000000
4842.000000
5181.000000
4302.000000
4932.000000
4559.000000
4712.000000
5245.000000
5050.000000
2251.000000
6588.000000
6188.000000
4904.000000
4908.000000
5036.000000
4920.000000
5015.000000
4734.000000
5501.000000
5053.000000
5017.000000
4801.000000
5013.000000
5055.000000
4308.000000
5246.000000
4757.000000
4801.000000
5283.000000
5154.000000
2345.000000
6565.000000
6272.000000
4818.000000
4952.000000
5011.000000
4803.000000
5123.000000
4839.000000
5195.000000
5073.000000
4911.000000
4773.000000
5342.000000
4982.000000
4427.000000
4930.000000
4542.000000
4706.000000
5301.000000
5053.000000
2298.000000
6630.000000
6123.000000
4941.000000
4946.000000
5012.000000
4968.000000
5035.000000
4808.000000
5249.000000
5129.000000
5025.000000
4782.000000
5029.000000
4835.000000
4443.000000
4874.000000
4588.000000
4738.000000
5184.000000
5124.000000
2181.000000
6879.000000
6181.000000
4941.000000
5179.000000
4965.000000
5017.000000
5126.000000
4931.000000
5246.000000
5064.000000
5115.000000
4836.000000
4885.000000
4859.000000
4318.000000
4948.000000
4531.000000
4889.000000
5283.000000
4666.000000
2236.000000
6596.000000
6187.000000
5042.000000
4813.000000
4984.000000
4901.000000
5216.000000
4812.000000
5366.000000
4975.000000
4981.000000
4855.000000
5158.000000
5002.000000
4464.000000
4926.000000
4483.000000
4871.000000
5090.000000
5045.000000
2344.000000
6488.000000
6297.000000
4975.000000
4872.000000
4647.000000
4939.000000
4877.000000
4518.000000
5502.000000
5015.000000
