24569.000000
44.000000
11736.000000
12638.000000
11457.000000
11231.000000
11259.000000
11427.000000
11407.000000
1676.000000
13641.000000
19705.000000
11354.000000
10609.000000
11988.000000
12477.000000
11662.000000
11048.000000
11454.000000
11055.000000
11505.000000
4733.000000
4727.000000
5294.000000
5088.000000
7031.000000
2524.000000
4821.000000
4866.000000
4776.000000
2152.000000
6258.000000
8220.000000
4983.000000
6422.000000
4809.000000
4997.000000
4780.000000
4792.000000
5135.000000
7050.000000
2913.000000
4747.000000
4970.000000
4746.000000
4816.000000
5086.000000
5018.000000
5120.000000
5057.000000
5010.000000
2088.000000
6451.000000
7589.000000
5034.000000
4802.000000
4913.000000
4601.000000
4527.000000
4943.000000
5319.000000
4722.000000
5304.000000
5008.000000
4964.000000
4913.000000
5093.000000
4982.000000
4938.000000
4951.000000
4921.000000
5084.000000
1950.000000
6671.000000
6068.000000
4959.000000
4918.000000
5015.000000
4792.000000
5410.000000
4932.000000
5426.000000
4848.000000
5296.000000
4972.000000
5025.000000
4660.000000
4883.000000
5040.000000
4882.000000
5009.000000
5019.000000
4988.000000
2023.000000
6460.000000
6545.000000
5029.000000
4861.000000
4925.000000
4636.000000
4856.000000
4932.000000
5290.000000
4800.000000
5239.000000
5017.000000
4974.000000
4825.000000
5097.000000
5056.000000
4904.000000
4980.000000
4908.000000
4931.000000
2137.000000
6570.000000
5807.000000
5037.000000
4783.000000
4987.000000
4764.000000
4876.000000
4988.000000
4870.000000
4880.000000
5280.000000
5042.000000
4856.000000
4688.000000
5092.000000
5029.000000
4901.000000
5004.000000
4893.000000
4952.000000
2110.000000
6633.000000
5898.000000
4983.000000
4892.000000
4918.000000
4757.000000
5255.000000
4956.000000
4896.000000
4890.000000
5302.000000
4993.000000
4880.000000
4662.000000
5023.000000
5109.000000
4862.000000
4986.000000
5831.000000
4994.000000
2123.000000
6646.000000
5989.000000
4973.000000
5150.000000
4844.000000
4826.000000
5244.000000
4964.000000
4981.000000
4780.000000
5238.000000
5083.000000
5173.000000
4717.000000
5070.000000
4975.000000
4894.000000
5046.000000
5000.000000
5039.000000
2025.000000
6568.000000
6063.000000
4987.000000
4897.000000
4864.000000
4591.000000
5032.000000
4921.000000
5035.000000
4798.000000
5273.000000
5138.000000
4934.000000
4663.000000
5133.000000
5003.000000
4848.000000
4980.000000
4905.000000
4987.000000
2002.000000
6605.000000
5800.000000
5140.000000
4874.000000
4878.000000
4995.000000
4798.000000
4979.000000
5008.000000
4756.000000
5171.000000
5086.000000
4876.000000
4795.000000
5139.000000
4968.000000
4874.000000
4845.000000
4993.000000
4994.000000
2040.000000
6558.000000
5843.000000
5052.000000
4844.000000
4942.000000
4634.000000
4840.000000
5187.000000
4977.000000
4780.000000
5215.000000
5039.000000
4946.000000
4604.000000
5165.000000
5055.000000
4939.000000
4930.000000
4981.000000
5017.000000
1968.000000
6483.000000
5931.000000
4980.000000
4904.000000
4839.000000
4594.000000
4904.000000
4986.000000
5345.000000
4767.000000
5206.000000
5116.000000
4885.000000
4633.000000
5146.000000
5123.000000
4906.000000
4983.000000
4987.000000
5006.000000
2015.000000
6601.000000
5802.000000
4978.000000
4898.000000
4764.000000
4998.000000
4888.000000
4879.000000
5416.000000
4741.000000
5240.000000
5098.000000
4911.000000
4600.000000
5141.000000
5010.000000
4920.000000
4959.000000
4926.000000
5113.000000
2034.000000
6607.000000
6083.000000
5012.000000
4892.000000
4926.000000
4856.000000
4875.000000
4947.000000
5386.000000
4764.000000
5194.000000
5136.000000
4480.000000
4776.000000
5163.000000
5067.000000
4940.000000
5011.000000
5004.000000
5037.000000
2022.000000
6677.000000
6176.000000
4992.000000
4976.000000
4926.000000
4687.000000
4877.000000
5048.000000
5021.000000
4850.000000
5290.000000
5079.000000
4976.000000
4913.000000
5093.000000
5153.000000
4945.000000
5057.000000
4989.000000
4969.000000
2103.000000
6668.000000
6251.000000
5060.000000
4925.000000
5056.000000
4732.000000
4986.000000
5051.000000
5024.000000
4943.000000
5313.000000
5101.000000
5007.000000
5082.000000
5119.000000
4896.000000
5016.000000
5020.000000
4930.000000
4992.000000
2052.000000
6713.000000
6289.000000
5035.000000
4857.000000
5006.000000
5038.000000
4971.000000
4977.000000
4916.000000
4892.000000
5351.000000
5104.000000
4868.000000
5430.000000
5062.000000
5166.000000
4848.000000
5119.000000
4884.000000
4987.000000
2137.000000
6799.000000
6395.000000
5100.000000
4758.000000
5121.000000
5051.000000
5038.000000
4982.000000
4982.000000
4784.000000
5264.000000
5153.000000
4835.000000
5222.000000
5102.000000
5006.000000
4888.000000
4985.000000
4972.000000
4921.000000
2070.000000
6811.000000
6341.000000
5033.000000
4721.000000
5010.000000
4978.000000
4462.000000
5226.000000
4971.000000
4798.000000
5232.000000
5107.000000
4880.000000
5045.000000
5008.000000
5147.000000
4796.000000
5003.000000
5294.000000
5168.000000
2077.000000
6764.000000
6414.000000
4980.000000
4728.000000
5293.000000
5004.000000
4947.000000
5173.000000
4967.000000
4792.000000
5182.000000
5023.000000
4907.000000
5001.000000
5075.000000
4986.000000
4857.000000
4993.000000
5241.000000
5009.000000
2091.000000
6774.000000
6465.000000
5071.000000
4782.000000
5070.000000
4950.000000
4952.000000
5260.000000
4974.000000
4779.000000
5195.000000
5060.000000
4908.000000
5034.000000
5092.000000
4997.000000
4884.000000
5041.000000
5311.000000
4979.000000
2029.000000
6731.000000
6424.000000
5067.000000
4878.000000
4935.000000
4932.000000
5424.000000
4854.000000
4990.000000
4811.000000
5191.000000
5148.000000
4857.000000
5424.000000
5101.000000
5000.000000
4859.000000
4996.000000
5315.000000
4967.000000
2048.000000
6749.000000
6117.000000
5104.000000
4811.000000
5157.000000
5066.000000
5020.000000
5046.000000
5059.000000
4904.000000
5252.000000
5185.000000
4974.000000
5081.000000
5131.000000
5034.000000
4939.000000
5042.000000
4940.000000
5039.000000
2098.000000
6757.000000
6159.000000
5133.000000
4839.000000
5137.000000
4980.000000
4951.000000
5268.000000
5054.000000
4888.000000
5173.000000
5106.000000
4853.000000
5059.000000
5088.000000
5004.000000
4840.000000
5054.000000
4978.000000
4955.000000
2082.000000
6583.000000
6005.000000
5030.000000
4928.000000
4995.000000
4985.000000
4941.000000
5036.000000
4990.000000
4787.000000
5285.000000
5043.000000
4858.000000
5106.000000
5122.000000
4970.000000
4853.000000
4987.000000
5006.000000
5021.000000
2066.000000
6840.000000
6009.000000
5102.000000
4864.000000
5065.000000
4951.000000
4890.000000
4815.000000
5000.000000
4879.000000
5335.000000
4580.000000
4953.000000
5026.000000
5084.000000
4948.000000
4907.000000
4976.000000
4992.000000
4981.000000
2023.000000
6804.000000
5997.000000
5079.000000
4927.000000
5006.000000
4929.000000
5290.000000
4898.000000
4996.000000
4744.000000
5336.000000
4571.000000
4957.000000
5472.000000
6122.000000
4979.000000
4897.000000
4914.000000
4904.000000
4952.000000
2187.000000
6849.000000
6084.000000
5057.000000
4922.000000
4944.000000
4993.000000
4486.000000
4917.000000
4665.000000
4718.000000
5229.000000
4720.000000
4778.000000
5174.000000
5165.000000
5009.000000
4931.000000
5047.000000
4988.000000
5027.000000
2050.000000
6688.000000
6262.000000
5084.000000
4807.000000
5073.000000
4994.000000
4377.000000
5125.000000
4600.000000
4769.000000
5058.000000
4593.000000
4800.000000
5083.000000
4942.000000
5139.000000
4818.000000
5153.000000
4940.000000
4993.000000
2014.000000
6733.000000
6233.000000
5075.000000
4858.000000
5026.000000
5049.000000
4964.000000
4807.000000
4648.000000
4770.000000
5219.000000
4584.000000
5195.000000
5373.000000
5062.000000
5039.000000
4939.000000
5034.000000
4972.000000
5018.000000
2027.000000
6806.000000
6137.000000
5160.000000
4815.000000
5092.000000
5038.000000
4571.000000
5132.000000
4586.000000
4918.000000
5265.000000
4582.000000
4881.000000
5152.000000
5141.000000
5061.000000
4983.000000
4953.000000
4907.000000
5497.000000
2233.000000
6741.000000
6154.000000
5296.000000
5026.000000
5431.000000
5015.000000
5033.000000
4875.000000
4641.000000
4779.000000
5315.000000
4522.000000
4833.000000
4995.000000
5020.000000
4987.000000
4956.000000
4961.000000
5040.000000
4980.000000
1965.000000
6696.000000
6180.000000
5338.000000
4850.000000
4960.000000
5009.000000
4929.000000
5054.000000
4518.000000
4679.000000
5278.000000
4535.000000
4842.000000
5022.000000
5099.000000
4976.000000
4865.000000
4880.000000
5048.000000
4866.000000
2086.000000
6755.000000
6049.000000
5373.000000
4773.000000
4947.000000
4939.000000
5007.000000
4912.000000
4545.000000
4759.000000
5248.000000
4533.000000
4783.000000
5130.000000
5041.000000
4974.000000
4919.000000
4898.000000
4936.000000
4861.000000
2174.000000
6792.000000
6027.000000
5418.000000
4702.000000
4961.000000
5307.000000
4965.000000
4925.000000
4567.000000
4741.000000
5148.000000
4556.000000
4989.000000
5384.000000
4998.000000
5099.000000
4915.000000
4913.000000
4954.000000
4895.000000
2142.000000
6790.000000
6103.000000
5059.000000
4879.000000
4933.000000
5154.000000
5056.000000
4917.000000
4451.000000
4751.000000
5197.000000
5049.000000
4869.000000
5117.000000
5038.000000
5015.000000
4837.000000
4952.000000
5070.000000
4853.000000
2127.000000
6821.000000
6014.000000
5083.000000
4758.000000
5222.000000
5088.000000
4501.000000
4928.000000
4510.000000
4692.000000
5176.000000
5177.000000
4803.000000
5114.000000
5060.000000
5068.000000
4887.000000
4944.000000
4941.000000
4974.000000
2157.000000
7058.000000
6198.000000
4837.000000
4732.000000
5026.000000
5094.000000
4388.000000
4898.000000
4592.000000
4747.000000
5163.000000
4934.000000
5317.000000
5032.000000
5110.000000
4998.000000
4787.000000
5037.000000
4921.000000
5033.000000
2045.000000
7061.000000
6057.000000
5013.000000
4655.000000
5008.000000
4893.000000
4505.000000
4920.000000
4454.000000
4955.000000
5037.000000
5181.000000
4935.000000
5248.000000
5164.000000
5007.000000
4812.000000
4973.000000
5124.000000
4997.000000
2054.000000
7027.000000
6147.000000
4999.000000
4774.000000
5039.000000
5032.000000
4531.000000
4953.000000
4489.000000
4830.000000
5056.000000
5130.000000
4992.000000
4993.000000
5118.000000
4966.000000
4772.000000
4988.000000
4983.000000
4923.000000
2091.000000
7119.000000
6028.000000
5063.000000
4671.000000
5387.000000
4992.000000
4353.000000
4925.000000
4503.000000
4760.000000
5245.000000
5059.000000
4961.000000
4925.000000
5169.000000
4961.000000
4870.000000
4976.000000
5005.000000
4997.000000
2107.000000
7021.000000
6167.000000
5016.000000
4686.000000
5089.000000
5057.000000
4354.000000
4851.000000
4632.000000
4689.000000
5251.000000
5065.000000
4964.000000
4951.000000
5078.000000
4973.000000
4773.000000
5074.000000
4885.000000
5114.000000
2011.000000
7032.000000
6219.000000
4980.000000
4935.000000
4923.000000
5083.000000
4307.000000
5269.000000
4611.000000
4947.000000
5218.000000
5184.000000
5001.000000
4987.000000
5147.000000
4971.000000
4854.000000
4920.000000
4895.000000
5042.000000
2072.000000
7095.000000
5969.000000
5057.000000
4757.000000
5347.000000
4948.000000
4371.000000
4947.000000
4458.000000
4779.000000
5216.000000
5174.000000
4968.000000
4888.000000
5188.000000
4970.000000
4779.000000
5028.000000
4990.000000
4975.000000
2146.000000
7069.000000
6067.000000
4985.000000
4879.000000
5018.000000
4836.000000
4320.000000
5023.000000
4477.000000
4836.000000
5157.000000
4944.000000
5048.000000
5231.000000
5145.000000
4868.000000
4835.000000
5087.000000
4966.000000
5070.000000
2207.000000
7128.000000
6112.000000
4917.000000
4758.000000
5096.000000
4756.000000
4481.000000
4957.000000
4447.000000
4849.000000
5180.000000
4957.000000
5040.000000
4987.000000
5107.000000
4990.000000
4883.000000
5036.000000
4970.000000
5007.000000
2088.000000
7028.000000
6034.000000
5018.000000
4883.000000
5097.000000
5000.000000
4578.000000
4822.000000
4557.000000
4829.000000
5138.000000
5058.000000
4947.000000
5001.000000
5070.000000
5001.000000
4878.000000
4771.000000
4906.000000
4907.000000
2085.000000
6763.000000
6032.000000
